General Input/Output section (file.cio):                                        
02/05/2024 12:00:00 AM ARCGIS-SWAT interface AV                                 
                                                                                


 Year  Day Step  FLOWm^3/s    SEDmg/L   ORGNmg/L   ORGPmg/L    NO3mg/L    NH3mg/L    NO2mg/L   MINPmg/L   CBODmg/L  DISOXmg/L   CHLAug/L SOLPSTmg/L SORPSTmg/L  BACTPct/L BACTLPct/LCMETAL1mg/LCMETAL2mg/LCMETAL3mg/L   TEMPdegC
 2001    1      0  0.000E+00  0.000E+00  0.000E+00  0.000E+00  0.000E+00  0.000E+00  0.000E+00  0.000E+00  0.000E+00  0.000E+00  0.000E+00  0.000E+00  0.000E+00  0.000E+00  0.000E+00  0.000E+00  0.000E+00  0.000E+00  0.000E+00
 2001    2      0  0.000E+00  0.000E+00  0.000E+00  0.000E+00  0.000E+00  0.000E+00  0.000E+00  0.000E+00  0.000E+00  0.000E+00  0.000E+00  0.000E+00  0.000E+00  0.000E+00  0.000E+00  0.000E+00  0.000E+00  0.000E+00  0.000E+00
 2001    3      0  0.000E+00  0.000E+00  0.000E+00  0.000E+00  0.000E+00  0.000E+00  0.000E+00  0.000E+00  0.000E+00  0.000E+00  0.000E+00  0.000E+00  0.000E+00  0.000E+00  0.000E+00  0.000E+00  0.000E+00  0.000E+00  0.000E+00
 2001    4      0  0.000E+00  0.000E+00  0.000E+00  0.000E+00  0.000E+00  0.000E+00  0.000E+00  0.000E+00  0.000E+00  0.000E+00  0.000E+00  0.000E+00  0.000E+00  0.000E+00  0.000E+00  0.000E+00  0.000E+00  0.000E+00  0.000E+00
 2001    5      0  0.000E+00  0.000E+00  0.000E+00  0.000E+00  0.000E+00  0.000E+00  0.000E+00  0.000E+00  0.000E+00  0.000E+00  0.000E+00  0.000E+00  0.000E+00  0.000E+00  0.000E+00  0.000E+00  0.000E+00  0.000E+00  0.000E+00
 2001    6      0  0.000E+00  0.000E+00  0.000E+00  0.000E+00  0.000E+00  0.000E+00  0.000E+00  0.000E+00  0.000E+00  0.000E+00  0.000E+00  0.000E+00  0.000E+00  0.000E+00  0.000E+00  0.000E+00  0.000E+00  0.000E+00  0.000E+00
 2001    7      0  0.000E+00  0.000E+00  0.000E+00  0.000E+00  0.000E+00  0.000E+00  0.000E+00  0.000E+00  0.000E+00  0.000E+00  0.000E+00  0.000E+00  0.000E+00  0.000E+00  0.000E+00  0.000E+00  0.000E+00  0.000E+00  0.000E+00
 2001    8      0  0.000E+00  0.000E+00  0.000E+00  0.000E+00  0.000E+00  0.000E+00  0.000E+00  0.000E+00  0.000E+00  0.000E+00  0.000E+00  0.000E+00  0.000E+00  0.000E+00  0.000E+00  0.000E+00  0.000E+00  0.000E+00  0.000E+00
 2001    9      0  0.000E+00  0.000E+00  0.000E+00  0.000E+00  0.000E+00  0.000E+00  0.000E+00  0.000E+00  0.000E+00  0.000E+00  0.000E+00  0.000E+00  0.000E+00  0.000E+00  0.000E+00  0.000E+00  0.000E+00  0.000E+00  0.000E+00
 2001   10      0  0.000E+00  0.000E+00  0.000E+00  0.000E+00  0.000E+00  0.000E+00  0.000E+00  0.000E+00  0.000E+00  0.000E+00  0.000E+00  0.000E+00  0.000E+00  0.000E+00  0.000E+00  0.000E+00  0.000E+00  0.000E+00  0.000E+00
 2001   11      0  0.000E+00  0.000E+00  0.000E+00  0.000E+00  0.000E+00  0.000E+00  0.000E+00  0.000E+00  0.000E+00  0.000E+00  0.000E+00  0.000E+00  0.000E+00  0.000E+00  0.000E+00  0.000E+00  0.000E+00  0.000E+00  0.000E+00
 2001   12      0  0.000E+00  0.000E+00  0.000E+00  0.000E+00  0.000E+00  0.000E+00  0.000E+00  0.000E+00  0.000E+00  0.000E+00  0.000E+00  0.000E+00  0.000E+00  0.000E+00  0.000E+00  0.000E+00  0.000E+00  0.000E+00  0.000E+00
 2001   13      0  0.000E+00  0.000E+00  0.000E+00  0.000E+00  0.000E+00  0.000E+00  0.000E+00  0.000E+00  0.000E+00  0.000E+00  0.000E+00  0.000E+00  0.000E+00  0.000E+00  0.000E+00  0.000E+00  0.000E+00  0.000E+00  0.000E+00
 2001   14      0  0.000E+00  0.000E+00  0.000E+00  0.000E+00  0.000E+00  0.000E+00  0.000E+00  0.000E+00  0.000E+00  0.000E+00  0.000E+00  0.000E+00  0.000E+00  0.000E+00  0.000E+00  0.000E+00  0.000E+00  0.000E+00  0.000E+00
 2001   15      0  0.000E+00  0.000E+00  0.000E+00  0.000E+00  0.000E+00  0.000E+00  0.000E+00  0.000E+00  0.000E+00  0.000E+00  0.000E+00  0.000E+00  0.000E+00  0.000E+00  0.000E+00  0.000E+00  0.000E+00  0.000E+00  0.000E+00
 2001   16      0  0.000E+00  0.000E+00  0.000E+00  0.000E+00  0.000E+00  0.000E+00  0.000E+00  0.000E+00  0.000E+00  0.000E+00  0.000E+00  0.000E+00  0.000E+00  0.000E+00  0.000E+00  0.000E+00  0.000E+00  0.000E+00  0.000E+00
 2001   17      0  0.000E+00  0.000E+00  0.000E+00  0.000E+00  0.000E+00  0.000E+00  0.000E+00  0.000E+00  0.000E+00  0.000E+00  0.000E+00  0.000E+00  0.000E+00  0.000E+00  0.000E+00  0.000E+00  0.000E+00  0.000E+00  0.000E+00
 2001   18      0  0.000E+00  0.000E+00  0.000E+00  0.000E+00  0.000E+00  0.000E+00  0.000E+00  0.000E+00  0.000E+00  0.000E+00  0.000E+00  0.000E+00  0.000E+00  0.000E+00  0.000E+00  0.000E+00  0.000E+00  0.000E+00  0.000E+00
 2001   19      0  0.000E+00  0.000E+00  0.000E+00  0.000E+00  0.000E+00  0.000E+00  0.000E+00  0.000E+00  0.000E+00  0.000E+00  0.000E+00  0.000E+00  0.000E+00  0.000E+00  0.000E+00  0.000E+00  0.000E+00  0.000E+00  0.000E+00
 2001   20      0  0.000E+00  0.000E+00  0.000E+00  0.000E+00  0.000E+00  0.000E+00  0.000E+00  0.000E+00  0.000E+00  0.000E+00  0.000E+00  0.000E+00  0.000E+00  0.000E+00  0.000E+00  0.000E+00  0.000E+00  0.000E+00  0.000E+00
 2001   21      0  0.000E+00  0.000E+00  0.000E+00  0.000E+00  0.000E+00  0.000E+00  0.000E+00  0.000E+00  0.000E+00  0.000E+00  0.000E+00  0.000E+00  0.000E+00  0.000E+00  0.000E+00  0.000E+00  0.000E+00  0.000E+00  0.000E+00
 2001   22      0  0.000E+00  0.000E+00  0.000E+00  0.000E+00  0.000E+00  0.000E+00  0.000E+00  0.000E+00  0.000E+00  0.000E+00  0.000E+00  0.000E+00  0.000E+00  0.000E+00  0.000E+00  0.000E+00  0.000E+00  0.000E+00  0.000E+00
 2001   23      0  0.000E+00  0.000E+00  0.000E+00  0.000E+00  0.000E+00  0.000E+00  0.000E+00  0.000E+00  0.000E+00  0.000E+00  0.000E+00  0.000E+00  0.000E+00  0.000E+00  0.000E+00  0.000E+00  0.000E+00  0.000E+00  0.000E+00
 2001   24      0  0.000E+00  0.000E+00  0.000E+00  0.000E+00  0.000E+00  0.000E+00  0.000E+00  0.000E+00  0.000E+00  0.000E+00  0.000E+00  0.000E+00  0.000E+00  0.000E+00  0.000E+00  0.000E+00  0.000E+00  0.000E+00  0.000E+00
 2001   25      0  0.000E+00  0.000E+00  0.000E+00  0.000E+00  0.000E+00  0.000E+00  0.000E+00  0.000E+00  0.000E+00  0.000E+00  0.000E+00  0.000E+00  0.000E+00  0.000E+00  0.000E+00  0.000E+00  0.000E+00  0.000E+00  0.000E+00
 2001   26      0  0.000E+00  0.000E+00  0.000E+00  0.000E+00  0.000E+00  0.000E+00  0.000E+00  0.000E+00  0.000E+00  0.000E+00  0.000E+00  0.000E+00  0.000E+00  0.000E+00  0.000E+00  0.000E+00  0.000E+00  0.000E+00  0.000E+00
 2001   27      0  0.000E+00  0.000E+00  0.000E+00  0.000E+00  0.000E+00  0.000E+00  0.000E+00  0.000E+00  0.000E+00  0.000E+00  0.000E+00  0.000E+00  0.000E+00  0.000E+00  0.000E+00  0.000E+00  0.000E+00  0.000E+00  0.000E+00
 2001   28      0  0.000E+00  0.000E+00  0.000E+00  0.000E+00  0.000E+00  0.000E+00  0.000E+00  0.000E+00  0.000E+00  0.000E+00  0.000E+00  0.000E+00  0.000E+00  0.000E+00  0.000E+00  0.000E+00  0.000E+00  0.000E+00  0.000E+00
 2001   29      0  0.000E+00  0.000E+00  0.000E+00  0.000E+00  0.000E+00  0.000E+00  0.000E+00  0.000E+00  0.000E+00  0.000E+00  0.000E+00  0.000E+00  0.000E+00  0.000E+00  0.000E+00  0.000E+00  0.000E+00  0.000E+00  0.000E+00
 2001   30      0  0.000E+00  0.000E+00  0.000E+00  0.000E+00  0.000E+00  0.000E+00  0.000E+00  0.000E+00  0.000E+00  0.000E+00  0.000E+00  0.000E+00  0.000E+00  0.000E+00  0.000E+00  0.000E+00  0.000E+00  0.000E+00  0.000E+00
 2001   31      0  0.000E+00  0.000E+00  0.000E+00  0.000E+00  0.000E+00  0.000E+00  0.000E+00  0.000E+00  0.000E+00  0.000E+00  0.000E+00  0.000E+00  0.000E+00  0.000E+00  0.000E+00  0.000E+00  0.000E+00  0.000E+00  0.000E+00
 2001   32      0  0.000E+00  0.000E+00  0.000E+00  0.000E+00  0.000E+00  0.000E+00  0.000E+00  0.000E+00  0.000E+00  0.000E+00  0.000E+00  0.000E+00  0.000E+00  0.000E+00  0.000E+00  0.000E+00  0.000E+00  0.000E+00  0.000E+00
 2001   33      0  0.000E+00  0.000E+00  0.000E+00  0.000E+00  0.000E+00  0.000E+00  0.000E+00  0.000E+00  0.000E+00  0.000E+00  0.000E+00  0.000E+00  0.000E+00  0.000E+00  0.000E+00  0.000E+00  0.000E+00  0.000E+00  0.000E+00
 2001   34      0  0.000E+00  0.000E+00  0.000E+00  0.000E+00  0.000E+00  0.000E+00  0.000E+00  0.000E+00  0.000E+00  0.000E+00  0.000E+00  0.000E+00  0.000E+00  0.000E+00  0.000E+00  0.000E+00  0.000E+00  0.000E+00  0.000E+00
 2001   35      0  0.000E+00  0.000E+00  0.000E+00  0.000E+00  0.000E+00  0.000E+00  0.000E+00  0.000E+00  0.000E+00  0.000E+00  0.000E+00  0.000E+00  0.000E+00  0.000E+00  0.000E+00  0.000E+00  0.000E+00  0.000E+00  0.000E+00
 2001   36      0  0.000E+00  0.000E+00  0.000E+00  0.000E+00  0.000E+00  0.000E+00  0.000E+00  0.000E+00  0.000E+00  0.000E+00  0.000E+00  0.000E+00  0.000E+00  0.000E+00  0.000E+00  0.000E+00  0.000E+00  0.000E+00  0.000E+00
 2001   37      0  0.000E+00  0.000E+00  0.000E+00  0.000E+00  0.000E+00  0.000E+00  0.000E+00  0.000E+00  0.000E+00  0.000E+00  0.000E+00  0.000E+00  0.000E+00  0.000E+00  0.000E+00  0.000E+00  0.000E+00  0.000E+00  0.000E+00
 2001   38      0  0.000E+00  0.000E+00  0.000E+00  0.000E+00  0.000E+00  0.000E+00  0.000E+00  0.000E+00  0.000E+00  0.000E+00  0.000E+00  0.000E+00  0.000E+00  0.000E+00  0.000E+00  0.000E+00  0.000E+00  0.000E+00  0.000E+00
 2001   39      0  0.000E+00  0.000E+00  0.000E+00  0.000E+00  0.000E+00  0.000E+00  0.000E+00  0.000E+00  0.000E+00  0.000E+00  0.000E+00  0.000E+00  0.000E+00  0.000E+00  0.000E+00  0.000E+00  0.000E+00  0.000E+00  0.000E+00
 2001   40      0  0.000E+00  0.000E+00  0.000E+00  0.000E+00  0.000E+00  0.000E+00  0.000E+00  0.000E+00  0.000E+00  0.000E+00  0.000E+00  0.000E+00  0.000E+00  0.000E+00  0.000E+00  0.000E+00  0.000E+00  0.000E+00  0.000E+00
 2001   41      0  0.000E+00  0.000E+00  0.000E+00  0.000E+00  0.000E+00  0.000E+00  0.000E+00  0.000E+00  0.000E+00  0.000E+00  0.000E+00  0.000E+00  0.000E+00  0.000E+00  0.000E+00  0.000E+00  0.000E+00  0.000E+00  0.000E+00
 2001   42      0  0.000E+00  0.000E+00  0.000E+00  0.000E+00  0.000E+00  0.000E+00  0.000E+00  0.000E+00  0.000E+00  0.000E+00  0.000E+00  0.000E+00  0.000E+00  0.000E+00  0.000E+00  0.000E+00  0.000E+00  0.000E+00  0.000E+00
 2001   43      0  0.000E+00  0.000E+00  0.000E+00  0.000E+00  0.000E+00  0.000E+00  0.000E+00  0.000E+00  0.000E+00  0.000E+00  0.000E+00  0.000E+00  0.000E+00  0.000E+00  0.000E+00  0.000E+00  0.000E+00  0.000E+00  0.000E+00
 2001   44      0  0.000E+00  0.000E+00  0.000E+00  0.000E+00  0.000E+00  0.000E+00  0.000E+00  0.000E+00  0.000E+00  0.000E+00  0.000E+00  0.000E+00  0.000E+00  0.000E+00  0.000E+00  0.000E+00  0.000E+00  0.000E+00  0.000E+00
 2001   45      0  0.000E+00  0.000E+00  0.000E+00  0.000E+00  0.000E+00  0.000E+00  0.000E+00  0.000E+00  0.000E+00  0.000E+00  0.000E+00  0.000E+00  0.000E+00  0.000E+00  0.000E+00  0.000E+00  0.000E+00  0.000E+00  0.000E+00
 2001   46      0  0.000E+00  0.000E+00  0.000E+00  0.000E+00  0.000E+00  0.000E+00  0.000E+00  0.000E+00  0.000E+00  0.000E+00  0.000E+00  0.000E+00  0.000E+00  0.000E+00  0.000E+00  0.000E+00  0.000E+00  0.000E+00  0.000E+00
 2001   47      0  0.000E+00  0.000E+00  0.000E+00  0.000E+00  0.000E+00  0.000E+00  0.000E+00  0.000E+00  0.000E+00  0.000E+00  0.000E+00  0.000E+00  0.000E+00  0.000E+00  0.000E+00  0.000E+00  0.000E+00  0.000E+00  0.000E+00
 2001   48      0  0.000E+00  0.000E+00  0.000E+00  0.000E+00  0.000E+00  0.000E+00  0.000E+00  0.000E+00  0.000E+00  0.000E+00  0.000E+00  0.000E+00  0.000E+00  0.000E+00  0.000E+00  0.000E+00  0.000E+00  0.000E+00  0.000E+00
 2001   49      0  0.000E+00  0.000E+00  0.000E+00  0.000E+00  0.000E+00  0.000E+00  0.000E+00  0.000E+00  0.000E+00  0.000E+00  0.000E+00  0.000E+00  0.000E+00  0.000E+00  0.000E+00  0.000E+00  0.000E+00  0.000E+00  0.000E+00
 2001   50      0  0.000E+00  0.000E+00  0.000E+00  0.000E+00  0.000E+00  0.000E+00  0.000E+00  0.000E+00  0.000E+00  0.000E+00  0.000E+00  0.000E+00  0.000E+00  0.000E+00  0.000E+00  0.000E+00  0.000E+00  0.000E+00  0.000E+00
 2001   51      0  0.000E+00  0.000E+00  0.000E+00  0.000E+00  0.000E+00  0.000E+00  0.000E+00  0.000E+00  0.000E+00  0.000E+00  0.000E+00  0.000E+00  0.000E+00  0.000E+00  0.000E+00  0.000E+00  0.000E+00  0.000E+00  0.000E+00
 2001   52      0  0.000E+00  0.000E+00  0.000E+00  0.000E+00  0.000E+00  0.000E+00  0.000E+00  0.000E+00  0.000E+00  0.000E+00  0.000E+00  0.000E+00  0.000E+00  0.000E+00  0.000E+00  0.000E+00  0.000E+00  0.000E+00  0.000E+00
 2001   53      0  0.000E+00  0.000E+00  0.000E+00  0.000E+00  0.000E+00  0.000E+00  0.000E+00  0.000E+00  0.000E+00  0.000E+00  0.000E+00  0.000E+00  0.000E+00  0.000E+00  0.000E+00  0.000E+00  0.000E+00  0.000E+00  0.000E+00
 2001   54      0  0.000E+00  0.000E+00  0.000E+00  0.000E+00  0.000E+00  0.000E+00  0.000E+00  0.000E+00  0.000E+00  0.000E+00  0.000E+00  0.000E+00  0.000E+00  0.000E+00  0.000E+00  0.000E+00  0.000E+00  0.000E+00  0.000E+00
 2001   55      0  0.000E+00  0.000E+00  0.000E+00  0.000E+00  0.000E+00  0.000E+00  0.000E+00  0.000E+00  0.000E+00  0.000E+00  0.000E+00  0.000E+00  0.000E+00  0.000E+00  0.000E+00  0.000E+00  0.000E+00  0.000E+00  0.000E+00
 2001   56      0  0.000E+00  0.000E+00  0.000E+00  0.000E+00  0.000E+00  0.000E+00  0.000E+00  0.000E+00  0.000E+00  0.000E+00  0.000E+00  0.000E+00  0.000E+00  0.000E+00  0.000E+00  0.000E+00  0.000E+00  0.000E+00  0.000E+00
 2001   57      0  0.000E+00  0.000E+00  0.000E+00  0.000E+00  0.000E+00  0.000E+00  0.000E+00  0.000E+00  0.000E+00  0.000E+00  0.000E+00  0.000E+00  0.000E+00  0.000E+00  0.000E+00  0.000E+00  0.000E+00  0.000E+00  0.000E+00
 2001   58      0  0.000E+00  0.000E+00  0.000E+00  0.000E+00  0.000E+00  0.000E+00  0.000E+00  0.000E+00  0.000E+00  0.000E+00  0.000E+00  0.000E+00  0.000E+00  0.000E+00  0.000E+00  0.000E+00  0.000E+00  0.000E+00  0.000E+00
 2001   59      0  0.000E+00  0.000E+00  0.000E+00  0.000E+00  0.000E+00  0.000E+00  0.000E+00  0.000E+00  0.000E+00  0.000E+00  0.000E+00  0.000E+00  0.000E+00  0.000E+00  0.000E+00  0.000E+00  0.000E+00  0.000E+00  0.000E+00
 2001   60      0  0.000E+00  0.000E+00  0.000E+00  0.000E+00  0.000E+00  0.000E+00  0.000E+00  0.000E+00  0.000E+00  0.000E+00  0.000E+00  0.000E+00  0.000E+00  0.000E+00  0.000E+00  0.000E+00  0.000E+00  0.000E+00  0.000E+00
 2001   61      0  0.000E+00  0.000E+00  0.000E+00  0.000E+00  0.000E+00  0.000E+00  0.000E+00  0.000E+00  0.000E+00  0.000E+00  0.000E+00  0.000E+00  0.000E+00  0.000E+00  0.000E+00  0.000E+00  0.000E+00  0.000E+00  0.000E+00
 2001   62      0  0.000E+00  0.000E+00  0.000E+00  0.000E+00  0.000E+00  0.000E+00  0.000E+00  0.000E+00  0.000E+00  0.000E+00  0.000E+00  0.000E+00  0.000E+00  0.000E+00  0.000E+00  0.000E+00  0.000E+00  0.000E+00  0.000E+00
 2001   63      0  0.000E+00  0.000E+00  0.000E+00  0.000E+00  0.000E+00  0.000E+00  0.000E+00  0.000E+00  0.000E+00  0.000E+00  0.000E+00  0.000E+00  0.000E+00  0.000E+00  0.000E+00  0.000E+00  0.000E+00  0.000E+00  0.000E+00
 2001   64      0  0.000E+00  0.000E+00  0.000E+00  0.000E+00  0.000E+00  0.000E+00  0.000E+00  0.000E+00  0.000E+00  0.000E+00  0.000E+00  0.000E+00  0.000E+00  0.000E+00  0.000E+00  0.000E+00  0.000E+00  0.000E+00  0.000E+00
 2001   65      0  0.000E+00  0.000E+00  0.000E+00  0.000E+00  0.000E+00  0.000E+00  0.000E+00  0.000E+00  0.000E+00  0.000E+00  0.000E+00  0.000E+00  0.000E+00  0.000E+00  0.000E+00  0.000E+00  0.000E+00  0.000E+00  0.000E+00
 2001   66      0  0.000E+00  0.000E+00  0.000E+00  0.000E+00  0.000E+00  0.000E+00  0.000E+00  0.000E+00  0.000E+00  0.000E+00  0.000E+00  0.000E+00  0.000E+00  0.000E+00  0.000E+00  0.000E+00  0.000E+00  0.000E+00  0.000E+00
 2001   67      0  0.000E+00  0.000E+00  0.000E+00  0.000E+00  0.000E+00  0.000E+00  0.000E+00  0.000E+00  0.000E+00  0.000E+00  0.000E+00  0.000E+00  0.000E+00  0.000E+00  0.000E+00  0.000E+00  0.000E+00  0.000E+00  0.000E+00
 2001   68      0  0.000E+00  0.000E+00  0.000E+00  0.000E+00  0.000E+00  0.000E+00  0.000E+00  0.000E+00  0.000E+00  0.000E+00  0.000E+00  0.000E+00  0.000E+00  0.000E+00  0.000E+00  0.000E+00  0.000E+00  0.000E+00  0.000E+00
 2001   69      0  0.000E+00  0.000E+00  0.000E+00  0.000E+00  0.000E+00  0.000E+00  0.000E+00  0.000E+00  0.000E+00  0.000E+00  0.000E+00  0.000E+00  0.000E+00  0.000E+00  0.000E+00  0.000E+00  0.000E+00  0.000E+00  0.000E+00
 2001   70      0  0.000E+00  0.000E+00  0.000E+00  0.000E+00  0.000E+00  0.000E+00  0.000E+00  0.000E+00  0.000E+00  0.000E+00  0.000E+00  0.000E+00  0.000E+00  0.000E+00  0.000E+00  0.000E+00  0.000E+00  0.000E+00  0.000E+00
 2001   71      0  0.000E+00  0.000E+00  0.000E+00  0.000E+00  0.000E+00  0.000E+00  0.000E+00  0.000E+00  0.000E+00  0.000E+00  0.000E+00  0.000E+00  0.000E+00  0.000E+00  0.000E+00  0.000E+00  0.000E+00  0.000E+00  0.000E+00
 2001   72      0  0.000E+00  0.000E+00  0.000E+00  0.000E+00  0.000E+00  0.000E+00  0.000E+00  0.000E+00  0.000E+00  0.000E+00  0.000E+00  0.000E+00  0.000E+00  0.000E+00  0.000E+00  0.000E+00  0.000E+00  0.000E+00  0.000E+00
 2001   73      0  0.000E+00  0.000E+00  0.000E+00  0.000E+00  0.000E+00  0.000E+00  0.000E+00  0.000E+00  0.000E+00  0.000E+00  0.000E+00  0.000E+00  0.000E+00  0.000E+00  0.000E+00  0.000E+00  0.000E+00  0.000E+00  0.000E+00
 2001   74      0  0.000E+00  0.000E+00  0.000E+00  0.000E+00  0.000E+00  0.000E+00  0.000E+00  0.000E+00  0.000E+00  0.000E+00  0.000E+00  0.000E+00  0.000E+00  0.000E+00  0.000E+00  0.000E+00  0.000E+00  0.000E+00  0.000E+00
 2001   75      0  0.000E+00  0.000E+00  0.000E+00  0.000E+00  0.000E+00  0.000E+00  0.000E+00  0.000E+00  0.000E+00  0.000E+00  0.000E+00  0.000E+00  0.000E+00  0.000E+00  0.000E+00  0.000E+00  0.000E+00  0.000E+00  0.000E+00
 2001   76      0  0.000E+00  0.000E+00  0.000E+00  0.000E+00  0.000E+00  0.000E+00  0.000E+00  0.000E+00  0.000E+00  0.000E+00  0.000E+00  0.000E+00  0.000E+00  0.000E+00  0.000E+00  0.000E+00  0.000E+00  0.000E+00  0.000E+00
 2001   77      0  0.000E+00  0.000E+00  0.000E+00  0.000E+00  0.000E+00  0.000E+00  0.000E+00  0.000E+00  0.000E+00  0.000E+00  0.000E+00  0.000E+00  0.000E+00  0.000E+00  0.000E+00  0.000E+00  0.000E+00  0.000E+00  0.000E+00
 2001   78      0  0.000E+00  0.000E+00  0.000E+00  0.000E+00  0.000E+00  0.000E+00  0.000E+00  0.000E+00  0.000E+00  0.000E+00  0.000E+00  0.000E+00  0.000E+00  0.000E+00  0.000E+00  0.000E+00  0.000E+00  0.000E+00  0.000E+00
 2001   79      0  0.000E+00  0.000E+00  0.000E+00  0.000E+00  0.000E+00  0.000E+00  0.000E+00  0.000E+00  0.000E+00  0.000E+00  0.000E+00  0.000E+00  0.000E+00  0.000E+00  0.000E+00  0.000E+00  0.000E+00  0.000E+00  0.000E+00
 2001   80      0  0.000E+00  0.000E+00  0.000E+00  0.000E+00  0.000E+00  0.000E+00  0.000E+00  0.000E+00  0.000E+00  0.000E+00  0.000E+00  0.000E+00  0.000E+00  0.000E+00  0.000E+00  0.000E+00  0.000E+00  0.000E+00  0.000E+00
 2001   81      0  0.000E+00  0.000E+00  0.000E+00  0.000E+00  0.000E+00  0.000E+00  0.000E+00  0.000E+00  0.000E+00  0.000E+00  0.000E+00  0.000E+00  0.000E+00  0.000E+00  0.000E+00  0.000E+00  0.000E+00  0.000E+00  0.000E+00
 2001   82      0  0.000E+00  0.000E+00  0.000E+00  0.000E+00  0.000E+00  0.000E+00  0.000E+00  0.000E+00  0.000E+00  0.000E+00  0.000E+00  0.000E+00  0.000E+00  0.000E+00  0.000E+00  0.000E+00  0.000E+00  0.000E+00  0.000E+00
 2001   83      0  0.000E+00  0.000E+00  0.000E+00  0.000E+00  0.000E+00  0.000E+00  0.000E+00  0.000E+00  0.000E+00  0.000E+00  0.000E+00  0.000E+00  0.000E+00  0.000E+00  0.000E+00  0.000E+00  0.000E+00  0.000E+00  0.000E+00
 2001   84      0  0.000E+00  0.000E+00  0.000E+00  0.000E+00  0.000E+00  0.000E+00  0.000E+00  0.000E+00  0.000E+00  0.000E+00  0.000E+00  0.000E+00  0.000E+00  0.000E+00  0.000E+00  0.000E+00  0.000E+00  0.000E+00  0.000E+00
 2001   85      0  0.000E+00  0.000E+00  0.000E+00  0.000E+00  0.000E+00  0.000E+00  0.000E+00  0.000E+00  0.000E+00  0.000E+00  0.000E+00  0.000E+00  0.000E+00  0.000E+00  0.000E+00  0.000E+00  0.000E+00  0.000E+00  0.000E+00
 2001   86      0  0.000E+00  0.000E+00  0.000E+00  0.000E+00  0.000E+00  0.000E+00  0.000E+00  0.000E+00  0.000E+00  0.000E+00  0.000E+00  0.000E+00  0.000E+00  0.000E+00  0.000E+00  0.000E+00  0.000E+00  0.000E+00  0.000E+00
 2001   87      0  0.000E+00  0.000E+00  0.000E+00  0.000E+00  0.000E+00  0.000E+00  0.000E+00  0.000E+00  0.000E+00  0.000E+00  0.000E+00  0.000E+00  0.000E+00  0.000E+00  0.000E+00  0.000E+00  0.000E+00  0.000E+00  0.000E+00
 2001   88      0  0.000E+00  0.000E+00  0.000E+00  0.000E+00  0.000E+00  0.000E+00  0.000E+00  0.000E+00  0.000E+00  0.000E+00  0.000E+00  0.000E+00  0.000E+00  0.000E+00  0.000E+00  0.000E+00  0.000E+00  0.000E+00  0.000E+00
 2001   89      0  0.000E+00  0.000E+00  0.000E+00  0.000E+00  0.000E+00  0.000E+00  0.000E+00  0.000E+00  0.000E+00  0.000E+00  0.000E+00  0.000E+00  0.000E+00  0.000E+00  0.000E+00  0.000E+00  0.000E+00  0.000E+00  0.000E+00
 2001   90      0  0.000E+00  0.000E+00  0.000E+00  0.000E+00  0.000E+00  0.000E+00  0.000E+00  0.000E+00  0.000E+00  0.000E+00  0.000E+00  0.000E+00  0.000E+00  0.000E+00  0.000E+00  0.000E+00  0.000E+00  0.000E+00  0.000E+00
 2001   91      0  0.000E+00  0.000E+00  0.000E+00  0.000E+00  0.000E+00  0.000E+00  0.000E+00  0.000E+00  0.000E+00  0.000E+00  0.000E+00  0.000E+00  0.000E+00  0.000E+00  0.000E+00  0.000E+00  0.000E+00  0.000E+00  0.000E+00
 2001   92      0  0.000E+00  0.000E+00  0.000E+00  0.000E+00  0.000E+00  0.000E+00  0.000E+00  0.000E+00  0.000E+00  0.000E+00  0.000E+00  0.000E+00  0.000E+00  0.000E+00  0.000E+00  0.000E+00  0.000E+00  0.000E+00  0.000E+00
 2001   93      0  0.000E+00  0.000E+00  0.000E+00  0.000E+00  0.000E+00  0.000E+00  0.000E+00  0.000E+00  0.000E+00  0.000E+00  0.000E+00  0.000E+00  0.000E+00  0.000E+00  0.000E+00  0.000E+00  0.000E+00  0.000E+00  0.000E+00
 2001   94      0  0.000E+00  0.000E+00  0.000E+00  0.000E+00  0.000E+00  0.000E+00  0.000E+00  0.000E+00  0.000E+00  0.000E+00  0.000E+00  0.000E+00  0.000E+00  0.000E+00  0.000E+00  0.000E+00  0.000E+00  0.000E+00  0.000E+00
 2001   95      0  0.000E+00  0.000E+00  0.000E+00  0.000E+00  0.000E+00  0.000E+00  0.000E+00  0.000E+00  0.000E+00  0.000E+00  0.000E+00  0.000E+00  0.000E+00  0.000E+00  0.000E+00  0.000E+00  0.000E+00  0.000E+00  0.000E+00
 2001   96      0  0.000E+00  0.000E+00  0.000E+00  0.000E+00  0.000E+00  0.000E+00  0.000E+00  0.000E+00  0.000E+00  0.000E+00  0.000E+00  0.000E+00  0.000E+00  0.000E+00  0.000E+00  0.000E+00  0.000E+00  0.000E+00  0.000E+00
 2001   97      0  0.000E+00  0.000E+00  0.000E+00  0.000E+00  0.000E+00  0.000E+00  0.000E+00  0.000E+00  0.000E+00  0.000E+00  0.000E+00  0.000E+00  0.000E+00  0.000E+00  0.000E+00  0.000E+00  0.000E+00  0.000E+00  0.000E+00
 2001   98      0  0.000E+00  0.000E+00  0.000E+00  0.000E+00  0.000E+00  0.000E+00  0.000E+00  0.000E+00  0.000E+00  0.000E+00  0.000E+00  0.000E+00  0.000E+00  0.000E+00  0.000E+00  0.000E+00  0.000E+00  0.000E+00  0.000E+00
 2001   99      0  0.000E+00  0.000E+00  0.000E+00  0.000E+00  0.000E+00  0.000E+00  0.000E+00  0.000E+00  0.000E+00  0.000E+00  0.000E+00  0.000E+00  0.000E+00  0.000E+00  0.000E+00  0.000E+00  0.000E+00  0.000E+00  0.000E+00
 2001  100      0  0.000E+00  0.000E+00  0.000E+00  0.000E+00  0.000E+00  0.000E+00  0.000E+00  0.000E+00  0.000E+00  0.000E+00  0.000E+00  0.000E+00  0.000E+00  0.000E+00  0.000E+00  0.000E+00  0.000E+00  0.000E+00  0.000E+00
 2001  101      0  0.537E+02  0.000E+00  0.386E+00  0.122E+00  0.377E-04  0.585E-02  0.000E+00  0.624E-02  0.000E+00  0.773E+01  0.723E+01  0.000E+00  0.000E+00  0.000E+00  0.000E+00  0.000E+00  0.000E+00  0.000E+00  0.000E+00
 2001  102      0  0.112E+03  0.000E+00  0.437E+00  0.126E+00  0.185E-02  0.571E-01  0.870E-02  0.375E-01  0.000E+00  0.920E+01  0.369E+01  0.000E+00  0.000E+00  0.000E+00  0.000E+00  0.000E+00  0.000E+00  0.000E+00  0.000E+00
 2001  103      0  0.103E+03  0.655E+00  0.449E+00  0.122E+00  0.217E-01  0.114E+00  0.341E-01  0.720E-01  0.142E-01  0.964E+01  0.257E+01  0.000E+00  0.000E+00  0.000E+00  0.000E+00  0.000E+00  0.000E+00  0.000E+00  0.000E+00
 2001  104      0  0.117E+03  0.174E+00  0.670E+00  0.182E+00  0.830E-01  0.137E+01  0.279E+00  0.259E+00  0.499E-02  0.972E+01  0.212E+01  0.000E+00  0.000E+00  0.000E+00  0.000E+00  0.000E+00  0.000E+00  0.000E+00  0.000E+00
 2001  105      0  0.283E+02  0.125E-03  0.966E+04  0.306E+04  0.523E+00  0.131E+03  0.000E+00  0.164E+03  0.000E+00  0.765E+01  0.242E+01  0.000E+00  0.000E+00  0.000E+00  0.000E+00  0.000E+00  0.000E+00  0.000E+00  0.000E+00
 2001  106      0  0.971E-02  0.333E-04  0.000E+00  0.000E+00  0.000E+00  0.000E+00  0.000E+00  0.000E+00  0.000E+00  0.000E+00  0.000E+00  0.000E+00  0.000E+00  0.000E+00  0.000E+00  0.000E+00  0.000E+00  0.000E+00  0.000E+00
 2001  107      0  0.957E-02  0.308E-08  0.000E+00  0.000E+00  0.000E+00  0.000E+00  0.000E+00  0.000E+00  0.000E+00  0.000E+00  0.000E+00  0.000E+00  0.000E+00  0.000E+00  0.000E+00  0.000E+00  0.000E+00  0.000E+00  0.000E+00
 2001  108      0  0.944E-02  0.284E-12  0.000E+00  0.000E+00  0.000E+00  0.000E+00  0.000E+00  0.000E+00  0.000E+00  0.000E+00  0.000E+00  0.000E+00  0.000E+00  0.000E+00  0.000E+00  0.000E+00  0.000E+00  0.000E+00  0.000E+00
 2001  109      0  0.930E-02  0.000E+00  0.000E+00  0.000E+00  0.000E+00  0.000E+00  0.000E+00  0.000E+00  0.000E+00  0.000E+00  0.000E+00  0.000E+00  0.000E+00  0.000E+00  0.000E+00  0.000E+00  0.000E+00  0.000E+00  0.000E+00
 2001  110      0  0.917E-02  0.000E+00  0.000E+00  0.000E+00  0.000E+00  0.000E+00  0.000E+00  0.000E+00  0.000E+00  0.000E+00  0.000E+00  0.000E+00  0.000E+00  0.000E+00  0.000E+00  0.000E+00  0.000E+00  0.000E+00  0.000E+00
 2001  111      0  0.904E-02  0.000E+00  0.000E+00  0.000E+00  0.000E+00  0.000E+00  0.000E+00  0.000E+00  0.000E+00  0.000E+00  0.000E+00  0.000E+00  0.000E+00  0.000E+00  0.000E+00  0.000E+00  0.000E+00  0.000E+00  0.000E+00
 2001  112      0  0.892E-02  0.000E+00  0.000E+00  0.000E+00  0.000E+00  0.000E+00  0.000E+00  0.000E+00  0.000E+00  0.000E+00  0.000E+00  0.000E+00  0.000E+00  0.000E+00  0.000E+00  0.000E+00  0.000E+00  0.000E+00  0.000E+00
 2001  113      0  0.879E-02  0.000E+00  0.000E+00  0.000E+00  0.000E+00  0.000E+00  0.000E+00  0.000E+00  0.000E+00  0.000E+00  0.000E+00  0.000E+00  0.000E+00  0.000E+00  0.000E+00  0.000E+00  0.000E+00  0.000E+00  0.000E+00
 2001  114      0  0.867E-02  0.000E+00  0.000E+00  0.000E+00  0.000E+00  0.000E+00  0.000E+00  0.000E+00  0.000E+00  0.000E+00  0.000E+00  0.000E+00  0.000E+00  0.000E+00  0.000E+00  0.000E+00  0.000E+00  0.000E+00  0.000E+00
 2001  115      0  0.855E-02  0.000E+00  0.000E+00  0.000E+00  0.000E+00  0.000E+00  0.000E+00  0.000E+00  0.000E+00  0.000E+00  0.000E+00  0.000E+00  0.000E+00  0.000E+00  0.000E+00  0.000E+00  0.000E+00  0.000E+00  0.000E+00
 2001  116      0  0.842E-02  0.000E+00  0.000E+00  0.000E+00  0.000E+00  0.000E+00  0.000E+00  0.000E+00  0.000E+00  0.000E+00  0.000E+00  0.000E+00  0.000E+00  0.000E+00  0.000E+00  0.000E+00  0.000E+00  0.000E+00  0.000E+00
 2001  117      0  0.831E-02  0.000E+00  0.000E+00  0.000E+00  0.000E+00  0.000E+00  0.000E+00  0.000E+00  0.000E+00  0.000E+00  0.000E+00  0.000E+00  0.000E+00  0.000E+00  0.000E+00  0.000E+00  0.000E+00  0.000E+00  0.000E+00
 2001  118      0  0.819E-02  0.000E+00  0.000E+00  0.000E+00  0.000E+00  0.000E+00  0.000E+00  0.000E+00  0.000E+00  0.000E+00  0.000E+00  0.000E+00  0.000E+00  0.000E+00  0.000E+00  0.000E+00  0.000E+00  0.000E+00  0.000E+00
 2001  119      0  0.807E-02  0.000E+00  0.000E+00  0.000E+00  0.000E+00  0.000E+00  0.000E+00  0.000E+00  0.000E+00  0.000E+00  0.000E+00  0.000E+00  0.000E+00  0.000E+00  0.000E+00  0.000E+00  0.000E+00  0.000E+00  0.000E+00
 2001  120      0  0.796E-02  0.000E+00  0.000E+00  0.000E+00  0.000E+00  0.000E+00  0.000E+00  0.000E+00  0.000E+00  0.000E+00  0.000E+00  0.000E+00  0.000E+00  0.000E+00  0.000E+00  0.000E+00  0.000E+00  0.000E+00  0.000E+00
 2001  121      0  0.785E-02  0.000E+00  0.000E+00  0.000E+00  0.000E+00  0.000E+00  0.000E+00  0.000E+00  0.000E+00  0.000E+00  0.000E+00  0.000E+00  0.000E+00  0.000E+00  0.000E+00  0.000E+00  0.000E+00  0.000E+00  0.000E+00
 2001  122      0  0.774E-02  0.000E+00  0.000E+00  0.000E+00  0.000E+00  0.000E+00  0.000E+00  0.000E+00  0.000E+00  0.000E+00  0.000E+00  0.000E+00  0.000E+00  0.000E+00  0.000E+00  0.000E+00  0.000E+00  0.000E+00  0.000E+00
 2001  123      0  0.763E-02  0.000E+00  0.000E+00  0.000E+00  0.000E+00  0.000E+00  0.000E+00  0.000E+00  0.000E+00  0.000E+00  0.000E+00  0.000E+00  0.000E+00  0.000E+00  0.000E+00  0.000E+00  0.000E+00  0.000E+00  0.000E+00
 2001  124      0  0.752E-02  0.000E+00  0.000E+00  0.000E+00  0.000E+00  0.000E+00  0.000E+00  0.000E+00  0.000E+00  0.000E+00  0.000E+00  0.000E+00  0.000E+00  0.000E+00  0.000E+00  0.000E+00  0.000E+00  0.000E+00  0.000E+00
 2001  125      0  0.741E-02  0.000E+00  0.000E+00  0.000E+00  0.000E+00  0.000E+00  0.000E+00  0.000E+00  0.000E+00  0.000E+00  0.000E+00  0.000E+00  0.000E+00  0.000E+00  0.000E+00  0.000E+00  0.000E+00  0.000E+00  0.000E+00
 2001  126      0  0.716E-02  0.000E+00  0.000E+00  0.000E+00  0.000E+00  0.000E+00  0.000E+00  0.000E+00  0.000E+00  0.000E+00  0.000E+00  0.000E+00  0.000E+00  0.000E+00  0.000E+00  0.000E+00  0.000E+00  0.000E+00  0.000E+00
 2001  127      0  0.333E+00  0.000E+00  0.483E+01  0.152E+01  0.275E-05  0.985E-01  0.000E+00  0.889E-01  0.000E+00  0.653E+01  0.000E+00  0.000E+00  0.000E+00  0.000E+00  0.000E+00  0.000E+00  0.000E+00  0.000E+00  0.000E+00
 2001  128      0  0.711E-02  0.000E+00  0.000E+00  0.000E+00  0.000E+00  0.000E+00  0.000E+00  0.000E+00  0.000E+00  0.000E+00  0.000E+00  0.000E+00  0.000E+00  0.000E+00  0.000E+00  0.000E+00  0.000E+00  0.000E+00  0.000E+00
 2001  129      0  0.701E-02  0.000E+00  0.000E+00  0.000E+00  0.000E+00  0.000E+00  0.000E+00  0.000E+00  0.000E+00  0.000E+00  0.000E+00  0.000E+00  0.000E+00  0.000E+00  0.000E+00  0.000E+00  0.000E+00  0.000E+00  0.000E+00
 2001  130      0  0.691E-02  0.000E+00  0.000E+00  0.000E+00  0.000E+00  0.000E+00  0.000E+00  0.000E+00  0.000E+00  0.000E+00  0.000E+00  0.000E+00  0.000E+00  0.000E+00  0.000E+00  0.000E+00  0.000E+00  0.000E+00  0.000E+00
 2001  131      0  0.681E-02  0.000E+00  0.000E+00  0.000E+00  0.000E+00  0.000E+00  0.000E+00  0.000E+00  0.000E+00  0.000E+00  0.000E+00  0.000E+00  0.000E+00  0.000E+00  0.000E+00  0.000E+00  0.000E+00  0.000E+00  0.000E+00
 2001  132      0  0.671E-02  0.000E+00  0.000E+00  0.000E+00  0.000E+00  0.000E+00  0.000E+00  0.000E+00  0.000E+00  0.000E+00  0.000E+00  0.000E+00  0.000E+00  0.000E+00  0.000E+00  0.000E+00  0.000E+00  0.000E+00  0.000E+00
 2001  133      0  0.662E-02  0.000E+00  0.000E+00  0.000E+00  0.000E+00  0.000E+00  0.000E+00  0.000E+00  0.000E+00  0.000E+00  0.000E+00  0.000E+00  0.000E+00  0.000E+00  0.000E+00  0.000E+00  0.000E+00  0.000E+00  0.000E+00
 2001  134      0  0.653E-02  0.000E+00  0.000E+00  0.000E+00  0.000E+00  0.000E+00  0.000E+00  0.000E+00  0.000E+00  0.000E+00  0.000E+00  0.000E+00  0.000E+00  0.000E+00  0.000E+00  0.000E+00  0.000E+00  0.000E+00  0.000E+00
 2001  135      0  0.643E-02  0.000E+00  0.000E+00  0.000E+00  0.000E+00  0.000E+00  0.000E+00  0.000E+00  0.000E+00  0.000E+00  0.000E+00  0.000E+00  0.000E+00  0.000E+00  0.000E+00  0.000E+00  0.000E+00  0.000E+00  0.000E+00
 2001  136      0  0.634E-02  0.000E+00  0.000E+00  0.000E+00  0.000E+00  0.000E+00  0.000E+00  0.000E+00  0.000E+00  0.000E+00  0.000E+00  0.000E+00  0.000E+00  0.000E+00  0.000E+00  0.000E+00  0.000E+00  0.000E+00  0.000E+00
 2001  137      0  0.625E-02  0.000E+00  0.000E+00  0.000E+00  0.000E+00  0.000E+00  0.000E+00  0.000E+00  0.000E+00  0.000E+00  0.000E+00  0.000E+00  0.000E+00  0.000E+00  0.000E+00  0.000E+00  0.000E+00  0.000E+00  0.000E+00
 2001  138      0  0.617E-02  0.000E+00  0.000E+00  0.000E+00  0.000E+00  0.000E+00  0.000E+00  0.000E+00  0.000E+00  0.000E+00  0.000E+00  0.000E+00  0.000E+00  0.000E+00  0.000E+00  0.000E+00  0.000E+00  0.000E+00  0.000E+00
 2001  139      0  0.608E-02  0.000E+00  0.000E+00  0.000E+00  0.000E+00  0.000E+00  0.000E+00  0.000E+00  0.000E+00  0.000E+00  0.000E+00  0.000E+00  0.000E+00  0.000E+00  0.000E+00  0.000E+00  0.000E+00  0.000E+00  0.000E+00
 2001  140      0  0.845E+01  0.000E+00  0.199E-01  0.609E-02  0.258E-04  0.171E-02  0.885E-04  0.210E-02  0.000E+00  0.870E+01  0.179E+00  0.000E+00  0.000E+00  0.000E+00  0.000E+00  0.000E+00  0.000E+00  0.000E+00  0.000E+00
 2001  141      0  0.251E+02  0.000E+00  0.000E+00  0.000E+00  0.000E+00  0.811E-03  0.000E+00  0.811E-04  0.000E+00  0.199E+02  0.000E+00  0.000E+00  0.000E+00  0.000E+00  0.000E+00  0.000E+00  0.000E+00  0.000E+00  0.000E+00
 2001  142      0  0.644E+01  0.000E+00  0.224E+00  0.704E-01  0.307E-03  0.972E-02  0.000E+00  0.192E-01  0.000E+00  0.775E+01  0.000E+00  0.000E+00  0.000E+00  0.000E+00  0.000E+00  0.000E+00  0.000E+00  0.000E+00  0.000E+00
 2001  143      0  0.669E-02  0.000E+00  0.000E+00  0.000E+00  0.000E+00  0.000E+00  0.000E+00  0.000E+00  0.000E+00  0.000E+00  0.000E+00  0.000E+00  0.000E+00  0.000E+00  0.000E+00  0.000E+00  0.000E+00  0.000E+00  0.000E+00
 2001  144      0  0.660E-02  0.000E+00  0.000E+00  0.000E+00  0.000E+00  0.000E+00  0.000E+00  0.000E+00  0.000E+00  0.000E+00  0.000E+00  0.000E+00  0.000E+00  0.000E+00  0.000E+00  0.000E+00  0.000E+00  0.000E+00  0.000E+00
 2001  145      0  0.650E-02  0.000E+00  0.000E+00  0.000E+00  0.000E+00  0.000E+00  0.000E+00  0.000E+00  0.000E+00  0.000E+00  0.000E+00  0.000E+00  0.000E+00  0.000E+00  0.000E+00  0.000E+00  0.000E+00  0.000E+00  0.000E+00
 2001  146      0  0.140E-01  0.000E+00  0.601E-01  0.189E-01  0.987E-04  0.157E+00  0.000E+00  0.206E-01  0.000E+00  0.103E+02  0.000E+00  0.000E+00  0.000E+00  0.000E+00  0.000E+00  0.000E+00  0.000E+00  0.000E+00  0.000E+00
 2001  147      0  0.290E+00  0.000E+00  0.000E+00  0.000E+00  0.000E+00  0.541E-01  0.000E+00  0.541E-02  0.000E+00  0.195E+02  0.000E+00  0.000E+00  0.000E+00  0.000E+00  0.000E+00  0.000E+00  0.000E+00  0.000E+00  0.000E+00
 2001  148      0  0.868E-01  0.000E+00  0.537E-01  0.168E-01  0.151E-03  0.479E-02  0.110E-03  0.548E-02  0.000E+00  0.979E+01  0.000E+00  0.000E+00  0.000E+00  0.000E+00  0.000E+00  0.000E+00  0.000E+00  0.000E+00  0.000E+00
 2001  149      0  0.727E+01  0.000E+00  0.213E+00  0.671E-01  0.673E-03  0.575E-02  0.000E+00  0.202E-01  0.000E+00  0.779E+01  0.000E+00  0.000E+00  0.000E+00  0.000E+00  0.000E+00  0.000E+00  0.000E+00  0.000E+00  0.000E+00
 2001  150      0  0.612E-02  0.000E+00  0.000E+00  0.000E+00  0.000E+00  0.000E+00  0.000E+00  0.000E+00  0.000E+00  0.000E+00  0.000E+00  0.000E+00  0.000E+00  0.000E+00  0.000E+00  0.000E+00  0.000E+00  0.000E+00  0.000E+00
 2001  151      0  0.603E-02  0.000E+00  0.000E+00  0.000E+00  0.000E+00  0.000E+00  0.000E+00  0.000E+00  0.000E+00  0.000E+00  0.000E+00  0.000E+00  0.000E+00  0.000E+00  0.000E+00  0.000E+00  0.000E+00  0.000E+00  0.000E+00
 2001  152      0  0.595E-02  0.000E+00  0.000E+00  0.000E+00  0.000E+00  0.000E+00  0.000E+00  0.000E+00  0.000E+00  0.000E+00  0.000E+00  0.000E+00  0.000E+00  0.000E+00  0.000E+00  0.000E+00  0.000E+00  0.000E+00  0.000E+00
 2001  153      0  0.586E-02  0.000E+00  0.000E+00  0.000E+00  0.000E+00  0.000E+00  0.000E+00  0.000E+00  0.000E+00  0.000E+00  0.000E+00  0.000E+00  0.000E+00  0.000E+00  0.000E+00  0.000E+00  0.000E+00  0.000E+00  0.000E+00
 2001  154      0  0.127E+03  0.520E+00  0.310E-01  0.907E-02  0.637E-04  0.349E-02  0.391E-03  0.396E-02  0.117E-01  0.943E+01  0.333E+00  0.000E+00  0.000E+00  0.000E+00  0.000E+00  0.000E+00  0.000E+00  0.000E+00  0.000E+00
 2001  155      0  0.111E+03  0.766E-01  0.348E+00  0.109E+00  0.145E-03  0.582E-02  0.000E+00  0.255E-01  0.121E-01  0.774E+01  0.628E+01  0.000E+00  0.000E+00  0.000E+00  0.000E+00  0.000E+00  0.000E+00  0.000E+00  0.000E+00
 2001  156      0  0.148E+01  0.797E-03  0.886E+01  0.278E+01  0.000E+00  0.171E+00  0.000E+00  0.655E+00  0.477E-04  0.541E+01  0.000E+00  0.000E+00  0.000E+00  0.000E+00  0.000E+00  0.000E+00  0.000E+00  0.000E+00  0.000E+00
 2001  157      0  0.910E-02  0.123E-04  0.000E+00  0.000E+00  0.000E+00  0.000E+00  0.000E+00  0.000E+00  0.000E+00  0.000E+00  0.000E+00  0.000E+00  0.000E+00  0.000E+00  0.000E+00  0.000E+00  0.000E+00  0.000E+00  0.000E+00
 2001  158      0  0.897E-02  0.114E-08  0.000E+00  0.000E+00  0.000E+00  0.000E+00  0.000E+00  0.000E+00  0.000E+00  0.000E+00  0.000E+00  0.000E+00  0.000E+00  0.000E+00  0.000E+00  0.000E+00  0.000E+00  0.000E+00  0.000E+00
 2001  159      0  0.884E-02  0.105E-12  0.000E+00  0.000E+00  0.000E+00  0.000E+00  0.000E+00  0.000E+00  0.000E+00  0.000E+00  0.000E+00  0.000E+00  0.000E+00  0.000E+00  0.000E+00  0.000E+00  0.000E+00  0.000E+00  0.000E+00
 2001  160      0  0.872E-02  0.000E+00  0.000E+00  0.000E+00  0.000E+00  0.000E+00  0.000E+00  0.000E+00  0.000E+00  0.000E+00  0.000E+00  0.000E+00  0.000E+00  0.000E+00  0.000E+00  0.000E+00  0.000E+00  0.000E+00  0.000E+00
 2001  161      0  0.859E-02  0.000E+00  0.000E+00  0.000E+00  0.000E+00  0.000E+00  0.000E+00  0.000E+00  0.000E+00  0.000E+00  0.000E+00  0.000E+00  0.000E+00  0.000E+00  0.000E+00  0.000E+00  0.000E+00  0.000E+00  0.000E+00
 2001  162      0  0.847E-02  0.000E+00  0.000E+00  0.000E+00  0.000E+00  0.000E+00  0.000E+00  0.000E+00  0.000E+00  0.000E+00  0.000E+00  0.000E+00  0.000E+00  0.000E+00  0.000E+00  0.000E+00  0.000E+00  0.000E+00  0.000E+00
 2001  163      0  0.835E-02  0.000E+00  0.000E+00  0.000E+00  0.000E+00  0.000E+00  0.000E+00  0.000E+00  0.000E+00  0.000E+00  0.000E+00  0.000E+00  0.000E+00  0.000E+00  0.000E+00  0.000E+00  0.000E+00  0.000E+00  0.000E+00
 2001  164      0  0.824E-02  0.000E+00  0.000E+00  0.000E+00  0.000E+00  0.000E+00  0.000E+00  0.000E+00  0.000E+00  0.000E+00  0.000E+00  0.000E+00  0.000E+00  0.000E+00  0.000E+00  0.000E+00  0.000E+00  0.000E+00  0.000E+00
 2001  165      0  0.812E-02  0.000E+00  0.000E+00  0.000E+00  0.000E+00  0.000E+00  0.000E+00  0.000E+00  0.000E+00  0.000E+00  0.000E+00  0.000E+00  0.000E+00  0.000E+00  0.000E+00  0.000E+00  0.000E+00  0.000E+00  0.000E+00
 2001  166      0  0.801E-02  0.000E+00  0.000E+00  0.000E+00  0.000E+00  0.000E+00  0.000E+00  0.000E+00  0.000E+00  0.000E+00  0.000E+00  0.000E+00  0.000E+00  0.000E+00  0.000E+00  0.000E+00  0.000E+00  0.000E+00  0.000E+00
 2001  167      0  0.789E-02  0.000E+00  0.000E+00  0.000E+00  0.000E+00  0.000E+00  0.000E+00  0.000E+00  0.000E+00  0.000E+00  0.000E+00  0.000E+00  0.000E+00  0.000E+00  0.000E+00  0.000E+00  0.000E+00  0.000E+00  0.000E+00
 2001  168      0  0.778E-02  0.000E+00  0.000E+00  0.000E+00  0.000E+00  0.000E+00  0.000E+00  0.000E+00  0.000E+00  0.000E+00  0.000E+00  0.000E+00  0.000E+00  0.000E+00  0.000E+00  0.000E+00  0.000E+00  0.000E+00  0.000E+00
 2001  169      0  0.767E-02  0.000E+00  0.000E+00  0.000E+00  0.000E+00  0.000E+00  0.000E+00  0.000E+00  0.000E+00  0.000E+00  0.000E+00  0.000E+00  0.000E+00  0.000E+00  0.000E+00  0.000E+00  0.000E+00  0.000E+00  0.000E+00
 2001  170      0  0.756E-02  0.000E+00  0.000E+00  0.000E+00  0.000E+00  0.000E+00  0.000E+00  0.000E+00  0.000E+00  0.000E+00  0.000E+00  0.000E+00  0.000E+00  0.000E+00  0.000E+00  0.000E+00  0.000E+00  0.000E+00  0.000E+00
 2001  171      0  0.162E+01  0.000E+00  0.369E+00  0.113E+00  0.250E-02  0.793E-01  0.646E-02  0.180E-01  0.000E+00  0.101E+02  0.000E+00  0.000E+00  0.000E+00  0.000E+00  0.000E+00  0.000E+00  0.000E+00  0.000E+00  0.000E+00
 2001  172      0  0.134E+02  0.000E+00  0.553E+01  0.173E+01  0.193E-01  0.764E-01  0.000E+00  0.604E-01  0.000E+00  0.649E+01  0.161E+02  0.000E+00  0.000E+00  0.000E+00  0.000E+00  0.000E+00  0.000E+00  0.000E+00  0.000E+00
 2001  173      0  0.581E+00  0.000E+00  0.301E+02  0.945E+01  0.833E-01  0.498E+00  0.000E+00  0.329E+00  0.000E+00  0.152E+01  0.000E+00  0.000E+00  0.000E+00  0.000E+00  0.000E+00  0.000E+00  0.000E+00  0.000E+00  0.000E+00
 2001  174      0  0.108E+02  0.000E+00  0.277E+01  0.870E+00  0.113E-01  0.373E-01  0.000E+00  0.276E-01  0.000E+00  0.724E+01  0.477E+01  0.000E+00  0.000E+00  0.000E+00  0.000E+00  0.000E+00  0.000E+00  0.000E+00  0.000E+00
 2001  175      0  0.721E-02  0.000E+00  0.000E+00  0.000E+00  0.000E+00  0.000E+00  0.000E+00  0.000E+00  0.000E+00  0.000E+00  0.000E+00  0.000E+00  0.000E+00  0.000E+00  0.000E+00  0.000E+00  0.000E+00  0.000E+00  0.000E+00
 2001  176      0  0.710E-02  0.000E+00  0.000E+00  0.000E+00  0.000E+00  0.000E+00  0.000E+00  0.000E+00  0.000E+00  0.000E+00  0.000E+00  0.000E+00  0.000E+00  0.000E+00  0.000E+00  0.000E+00  0.000E+00  0.000E+00  0.000E+00
 2001  177      0  0.861E-01  0.000E+00  0.102E+01  0.318E+00  0.503E-02  0.735E-01  0.000E+00  0.164E-01  0.000E+00  0.155E+02  0.000E+00  0.000E+00  0.000E+00  0.000E+00  0.000E+00  0.000E+00  0.000E+00  0.000E+00  0.000E+00
 2001  178      0  0.413E+01  0.000E+00  0.000E+00  0.000E+00  0.000E+00  0.483E-02  0.000E+00  0.483E-03  0.000E+00  0.200E+02  0.000E+00  0.000E+00  0.000E+00  0.000E+00  0.000E+00  0.000E+00  0.000E+00  0.000E+00  0.000E+00
 2001  179      0  0.681E-02  0.000E+00  0.000E+00  0.000E+00  0.000E+00  0.000E+00  0.000E+00  0.000E+00  0.000E+00  0.000E+00  0.000E+00  0.000E+00  0.000E+00  0.000E+00  0.000E+00  0.000E+00  0.000E+00  0.000E+00  0.000E+00
 2001  180      0  0.182E-01  0.000E+00  0.214E+01  0.671E+00  0.113E-01  0.871E-01  0.000E+00  0.270E-01  0.000E+00  0.762E+01  0.000E+00  0.000E+00  0.000E+00  0.000E+00  0.000E+00  0.000E+00  0.000E+00  0.000E+00  0.000E+00
 2001  181      0  0.341E+01  0.000E+00  0.185E+02  0.581E+01  0.740E-01  0.249E+00  0.000E+00  0.177E+00  0.000E+00  0.398E+01  0.000E+00  0.000E+00  0.000E+00  0.000E+00  0.000E+00  0.000E+00  0.000E+00  0.000E+00  0.000E+00
 2001  182      0  0.438E+02  0.000E+00  0.212E+01  0.664E+00  0.262E-02  0.280E-01  0.000E+00  0.192E-01  0.000E+00  0.734E+01  0.372E+02  0.000E+00  0.000E+00  0.000E+00  0.000E+00  0.000E+00  0.000E+00  0.000E+00  0.000E+00
 2001  183      0  0.384E+01  0.000E+00  0.136E+02  0.424E+01  0.190E-01  0.257E+00  0.447E-02  0.160E+00  0.000E+00  0.638E+01  0.000E+00  0.000E+00  0.000E+00  0.000E+00  0.000E+00  0.000E+00  0.000E+00  0.000E+00  0.000E+00
 2001  184      0  0.283E+01  0.000E+00  0.160E+02  0.499E+01  0.283E-01  0.437E+00  0.164E-01  0.267E+00  0.000E+00  0.722E+01  0.000E+00  0.000E+00  0.000E+00  0.000E+00  0.000E+00  0.000E+00  0.000E+00  0.000E+00  0.000E+00
 2001  185      0  0.442E+01  0.000E+00  0.336E+02  0.105E+02  0.316E-02  0.439E+00  0.000E+00  0.294E+00  0.000E+00  0.129E+01  0.000E+00  0.000E+00  0.000E+00  0.000E+00  0.000E+00  0.000E+00  0.000E+00  0.000E+00  0.000E+00
 2001  186      0  0.781E-02  0.000E+00  0.000E+00  0.000E+00  0.000E+00  0.000E+00  0.000E+00  0.000E+00  0.000E+00  0.000E+00  0.000E+00  0.000E+00  0.000E+00  0.000E+00  0.000E+00  0.000E+00  0.000E+00  0.000E+00  0.000E+00
 2001  187      0  0.770E-02  0.000E+00  0.000E+00  0.000E+00  0.000E+00  0.000E+00  0.000E+00  0.000E+00  0.000E+00  0.000E+00  0.000E+00  0.000E+00  0.000E+00  0.000E+00  0.000E+00  0.000E+00  0.000E+00  0.000E+00  0.000E+00
 2001  188      0  0.759E-02  0.000E+00  0.000E+00  0.000E+00  0.000E+00  0.000E+00  0.000E+00  0.000E+00  0.000E+00  0.000E+00  0.000E+00  0.000E+00  0.000E+00  0.000E+00  0.000E+00  0.000E+00  0.000E+00  0.000E+00  0.000E+00
 2001  189      0  0.748E-02  0.000E+00  0.000E+00  0.000E+00  0.000E+00  0.000E+00  0.000E+00  0.000E+00  0.000E+00  0.000E+00  0.000E+00  0.000E+00  0.000E+00  0.000E+00  0.000E+00  0.000E+00  0.000E+00  0.000E+00  0.000E+00
 2001  190      0  0.296E+01  0.000E+00  0.899E+01  0.282E+01  0.124E-01  0.113E+00  0.000E+00  0.773E-01  0.000E+00  0.619E+01  0.000E+00  0.000E+00  0.000E+00  0.000E+00  0.000E+00  0.000E+00  0.000E+00  0.000E+00  0.000E+00
 2001  191      0  0.131E+00  0.000E+00  0.472E+01  0.147E+01  0.116E-01  0.229E+00  0.445E-02  0.772E-01  0.000E+00  0.101E+02  0.000E+00  0.000E+00  0.000E+00  0.000E+00  0.000E+00  0.000E+00  0.000E+00  0.000E+00  0.000E+00
 2001  192      0  0.543E+00  0.000E+00  0.000E+00  0.000E+00  0.000E+00  0.232E-01  0.000E+00  0.232E-02  0.000E+00  0.196E+02  0.000E+00  0.000E+00  0.000E+00  0.000E+00  0.000E+00  0.000E+00  0.000E+00  0.000E+00  0.000E+00
 2001  193      0  0.855E+00  0.000E+00  0.192E+01  0.592E+00  0.578E-02  0.890E-01  0.351E-02  0.494E-01  0.000E+00  0.101E+02  0.000E+00  0.000E+00  0.000E+00  0.000E+00  0.000E+00  0.000E+00  0.000E+00  0.000E+00  0.000E+00
 2001  194      0  0.237E+02  0.000E+00  0.259E+01  0.813E+00  0.235E-02  0.353E-01  0.000E+00  0.229E-01  0.000E+00  0.726E+01  0.245E+02  0.000E+00  0.000E+00  0.000E+00  0.000E+00  0.000E+00  0.000E+00  0.000E+00  0.000E+00
 2001  195      0  0.923E+02  0.000E+00  0.316E+01  0.991E+00  0.161E-02  0.404E-01  0.000E+00  0.275E-01  0.000E+00  0.707E+01  0.777E+02  0.000E+00  0.000E+00  0.000E+00  0.000E+00  0.000E+00  0.000E+00  0.000E+00  0.000E+00
 2001  196      0  0.158E+02  0.000E+00  0.587E+01  0.173E+01  0.104E+02  0.116E+03  0.321E+02  0.161E+02  0.000E+00  0.641E+01  0.152E+02  0.000E+00  0.000E+00  0.000E+00  0.000E+00  0.000E+00  0.000E+00  0.000E+00  0.000E+00
 2001  197      0  0.153E+02  0.000E+00  0.589E+01  0.162E+01  0.175E+02  0.564E+02  0.236E+02  0.103E+02  0.000E+00  0.958E+01  0.929E+00  0.000E+00  0.000E+00  0.000E+00  0.000E+00  0.000E+00  0.000E+00  0.000E+00  0.000E+00
 2001  198      0  0.124E+03  0.000E+00  0.654E+01  0.206E+01  0.229E-02  0.793E-01  0.000E+00  0.545E-01  0.000E+00  0.650E+01  0.176E+03  0.000E+00  0.000E+00  0.000E+00  0.000E+00  0.000E+00  0.000E+00  0.000E+00  0.000E+00
 2001  199      0  0.132E-01  0.000E+00  0.256E+05  0.806E+04  0.118E+02  0.365E+03  0.000E+00  0.236E+03  0.000E+00  0.000E+00  0.000E+00  0.000E+00  0.000E+00  0.000E+00  0.000E+00  0.000E+00  0.000E+00  0.000E+00  0.000E+00
 2001  200      0  0.130E-01  0.000E+00  0.214E+05  0.675E+04  0.986E+01  0.287E+03  0.000E+00  0.187E+03  0.000E+00  0.000E+00  0.000E+00  0.000E+00  0.000E+00  0.000E+00  0.000E+00  0.000E+00  0.000E+00  0.000E+00  0.000E+00
 2001  201      0  0.128E-01  0.000E+00  0.179E+05  0.564E+04  0.824E+01  0.241E+03  0.000E+00  0.156E+03  0.000E+00  0.000E+00  0.000E+00  0.000E+00  0.000E+00  0.000E+00  0.000E+00  0.000E+00  0.000E+00  0.000E+00  0.000E+00
 2001  202      0  0.127E-01  0.000E+00  0.149E+05  0.471E+04  0.689E+01  0.212E+03  0.000E+00  0.134E+03  0.000E+00  0.000E+00  0.000E+00  0.000E+00  0.000E+00  0.000E+00  0.000E+00  0.000E+00  0.000E+00  0.000E+00  0.000E+00
 2001  203      0  0.125E-01  0.000E+00  0.125E+05  0.393E+04  0.575E+01  0.179E+03  0.000E+00  0.111E+03  0.000E+00  0.000E+00  0.000E+00  0.000E+00  0.000E+00  0.000E+00  0.000E+00  0.000E+00  0.000E+00  0.000E+00  0.000E+00
 2001  204      0  0.123E-01  0.000E+00  0.104E+05  0.329E+04  0.481E+01  0.151E+03  0.000E+00  0.925E+02  0.000E+00  0.000E+00  0.000E+00  0.000E+00  0.000E+00  0.000E+00  0.000E+00  0.000E+00  0.000E+00  0.000E+00  0.000E+00
 2001  205      0  0.121E-01  0.000E+00  0.871E+04  0.275E+04  0.402E+01  0.130E+03  0.000E+00  0.779E+02  0.000E+00  0.000E+00  0.000E+00  0.000E+00  0.000E+00  0.000E+00  0.000E+00  0.000E+00  0.000E+00  0.000E+00  0.000E+00
 2001  206      0  0.172E+03  0.389E+02  0.295E+01  0.929E+00  0.623E-03  0.341E-01  0.000E+00  0.230E-01  0.248E+01  0.100E+02  0.856E+02  0.000E+00  0.000E+00  0.000E+00  0.000E+00  0.000E+00  0.000E+00  0.000E+00  0.000E+00
 2001  207      0  0.625E-01  0.423E+03  0.104E+05  0.327E+04  0.247E+00  0.138E+03  0.000E+00  0.856E+02  0.000E+00  0.000E+00  0.000E+00  0.000E+00  0.000E+00  0.000E+00  0.000E+00  0.000E+00  0.000E+00  0.000E+00  0.000E+00
 2001  208      0  0.131E-01  0.223E+00  0.260E+05  0.819E+04  0.601E+01  0.387E+03  0.000E+00  0.242E+03  0.000E+00  0.000E+00  0.000E+00  0.000E+00  0.000E+00  0.000E+00  0.000E+00  0.000E+00  0.000E+00  0.000E+00  0.000E+00
 2001  209      0  0.510E+00  0.502E-06  0.116E+03  0.365E+02  0.170E-01  0.190E+01  0.000E+00  0.102E+01  0.000E+00  0.000E+00  0.000E+00  0.000E+00  0.000E+00  0.000E+00  0.000E+00  0.000E+00  0.000E+00  0.000E+00  0.000E+00
 2001  210      0  0.220E+03  0.115E+02  0.360E+01  0.113E+01  0.500E-03  0.449E-01  0.000E+00  0.296E-01  0.720E+00  0.788E+01  0.106E+03  0.000E+00  0.000E+00  0.000E+00  0.000E+00  0.000E+00  0.000E+00  0.000E+00  0.000E+00
 2001  211      0  0.285E-01  0.197E+03  0.276E+05  0.869E+04  0.122E+01  0.379E+03  0.000E+00  0.241E+03  0.000E+00  0.000E+00  0.000E+00  0.000E+00  0.000E+00  0.000E+00  0.000E+00  0.000E+00  0.000E+00  0.000E+00  0.000E+00
 2001  212      0  0.186E+02  0.303E-04  0.184E+04  0.451E+03  0.102E+02  0.850E+03  0.816E+02  0.437E+03  0.000E+00  0.354E+01  0.339E+01  0.000E+00  0.000E+00  0.000E+00  0.000E+00  0.000E+00  0.000E+00  0.000E+00  0.000E+00
 2001  213      0  0.920E+01  0.611E-08  0.655E+02  0.206E+02  0.744E-02  0.826E+00  0.000E+00  0.530E+00  0.000E+00  0.000E+00  0.000E+00  0.000E+00  0.000E+00  0.000E+00  0.000E+00  0.000E+00  0.000E+00  0.000E+00  0.000E+00
 2001  214      0  0.173E-01  0.296E-09  0.228E+05  0.720E+04  0.520E+01  0.316E+03  0.000E+00  0.200E+03  0.000E+00  0.000E+00  0.000E+00  0.000E+00  0.000E+00  0.000E+00  0.000E+00  0.000E+00  0.000E+00  0.000E+00  0.000E+00
 2001  215      0  0.171E-01  0.273E-13  0.191E+05  0.602E+04  0.434E+01  0.265E+03  0.000E+00  0.167E+03  0.000E+00  0.000E+00  0.000E+00  0.000E+00  0.000E+00  0.000E+00  0.000E+00  0.000E+00  0.000E+00  0.000E+00  0.000E+00
 2001  216      0  0.169E-01  0.000E+00  0.159E+05  0.503E+04  0.363E+01  0.225E+03  0.000E+00  0.140E+03  0.000E+00  0.000E+00  0.000E+00  0.000E+00  0.000E+00  0.000E+00  0.000E+00  0.000E+00  0.000E+00  0.000E+00  0.000E+00
 2001  217      0  0.159E+01  0.000E+00  0.128E+03  0.368E+02  0.589E-01  0.236E+02  0.259E+00  0.115E+02  0.000E+00  0.883E+01  0.000E+00  0.000E+00  0.000E+00  0.000E+00  0.000E+00  0.000E+00  0.000E+00  0.000E+00  0.000E+00
 2001  218      0  0.131E+01  0.000E+00  0.114E+05  0.360E+04  0.346E+01  0.150E+03  0.000E+00  0.987E+02  0.000E+00  0.766E+01  0.000E+00  0.000E+00  0.000E+00  0.000E+00  0.000E+00  0.000E+00  0.000E+00  0.000E+00  0.000E+00
 2001  219      0  0.162E-01  0.000E+00  0.954E+04  0.301E+04  0.289E+01  0.137E+03  0.000E+00  0.826E+02  0.000E+00  0.000E+00  0.000E+00  0.000E+00  0.000E+00  0.000E+00  0.000E+00  0.000E+00  0.000E+00  0.000E+00  0.000E+00
 2001  220      0  0.130E+01  0.000E+00  0.100E+03  0.290E+02  0.606E-01  0.180E+02  0.258E+00  0.858E+01  0.000E+00  0.869E+01  0.000E+00  0.000E+00  0.000E+00  0.000E+00  0.000E+00  0.000E+00  0.000E+00  0.000E+00  0.000E+00
 2001  221      0  0.335E+01  0.000E+00  0.413E+02  0.130E+02  0.135E-02  0.498E+00  0.000E+00  0.303E+00  0.000E+00  0.140E+01  0.000E+00  0.000E+00  0.000E+00  0.000E+00  0.000E+00  0.000E+00  0.000E+00  0.000E+00  0.000E+00
 2001  222      0  0.297E+02  0.332E+02  0.226E+01  0.675E+00  0.727E-02  0.254E+01  0.156E+00  0.363E+00  0.849E+00  0.890E+01  0.230E+02  0.000E+00  0.000E+00  0.000E+00  0.000E+00  0.000E+00  0.000E+00  0.000E+00  0.000E+00
 2001  223      0  0.410E+02  0.198E+02  0.521E+02  0.164E+02  0.531E-02  0.617E+00  0.000E+00  0.403E+00  0.771E+01  0.333E+01  0.873E+03  0.000E+00  0.000E+00  0.000E+00  0.000E+00  0.000E+00  0.000E+00  0.000E+00  0.000E+00
 2001  224      0  0.270E+00  0.529E+00  0.614E+03  0.193E+03  0.925E-02  0.799E+01  0.000E+00  0.454E+01  0.185E-01  0.000E+00  0.000E+00  0.000E+00  0.000E+00  0.000E+00  0.000E+00  0.000E+00  0.000E+00  0.000E+00  0.000E+00
 2001  225      0  0.151E-01  0.926E-03  0.958E+04  0.303E+04  0.514E+01  0.143E+03  0.000E+00  0.854E+02  0.000E+00  0.000E+00  0.000E+00  0.000E+00  0.000E+00  0.000E+00  0.000E+00  0.000E+00  0.000E+00  0.000E+00  0.000E+00
 2001  226      0  0.149E-01  0.857E-07  0.801E+04  0.253E+04  0.430E+01  0.125E+03  0.000E+00  0.727E+02  0.000E+00  0.000E+00  0.000E+00  0.000E+00  0.000E+00  0.000E+00  0.000E+00  0.000E+00  0.000E+00  0.000E+00  0.000E+00
 2001  227      0  0.147E-01  0.792E-11  0.669E+04  0.211E+04  0.359E+01  0.106E+03  0.000E+00  0.606E+02  0.000E+00  0.000E+00  0.000E+00  0.000E+00  0.000E+00  0.000E+00  0.000E+00  0.000E+00  0.000E+00  0.000E+00  0.000E+00
 2001  228      0  0.145E-01  0.693E-15  0.559E+04  0.176E+04  0.300E+01  0.928E+02  0.000E+00  0.513E+02  0.000E+00  0.000E+00  0.000E+00  0.000E+00  0.000E+00  0.000E+00  0.000E+00  0.000E+00  0.000E+00  0.000E+00  0.000E+00
 2001  229      0  0.261E+00  0.000E+00  0.260E+03  0.690E+02  0.196E+00  0.114E+03  0.338E-01  0.463E+02  0.000E+00  0.140E+02  0.184E+02  0.000E+00  0.000E+00  0.000E+00  0.000E+00  0.000E+00  0.000E+00  0.000E+00  0.000E+00
 2001  230      0  0.219E+02  0.000E+00  0.318E+02  0.100E+02  0.106E-02  0.392E+00  0.000E+00  0.248E+00  0.000E+00  0.191E+01  0.338E+03  0.000E+00  0.000E+00  0.000E+00  0.000E+00  0.000E+00  0.000E+00  0.000E+00  0.000E+00
 2001  231      0  0.641E+00  0.000E+00  0.143E+03  0.450E+02  0.151E-02  0.192E+01  0.000E+00  0.102E+01  0.000E+00  0.000E+00  0.000E+00  0.000E+00  0.000E+00  0.000E+00  0.000E+00  0.000E+00  0.000E+00  0.000E+00  0.000E+00
 2001  232      0  0.138E-01  0.000E+00  0.474E+04  0.150E+04  0.462E+01  0.741E+02  0.000E+00  0.408E+02  0.000E+00  0.000E+00  0.000E+00  0.000E+00  0.000E+00  0.000E+00  0.000E+00  0.000E+00  0.000E+00  0.000E+00  0.000E+00
 2001  233      0  0.355E+00  0.000E+00  0.766E+03  0.188E+03  0.519E+01  0.487E+03  0.376E+02  0.203E+03  0.000E+00  0.354E+01  0.000E+00  0.000E+00  0.000E+00  0.000E+00  0.000E+00  0.000E+00  0.000E+00  0.000E+00  0.000E+00
 2001  234      0  0.960E-01  0.000E+00  0.337E+04  0.106E+04  0.341E+01  0.426E+02  0.000E+00  0.276E+02  0.000E+00  0.671E+01  0.000E+00  0.000E+00  0.000E+00  0.000E+00  0.000E+00  0.000E+00  0.000E+00  0.000E+00  0.000E+00
 2001  235      0  0.442E+00  0.852E+01  0.704E+02  0.194E+02  0.933E-01  0.279E+02  0.120E-02  0.104E+02  0.436E+00  0.380E+01  0.275E+02  0.000E+00  0.000E+00  0.000E+00  0.000E+00  0.000E+00  0.000E+00  0.000E+00  0.000E+00
 2001  236      0  0.429E+02  0.430E+02  0.155E+02  0.490E+01  0.307E-02  0.171E+00  0.000E+00  0.113E+00  0.100E+02  0.118E+02  0.302E+03  0.000E+00  0.000E+00  0.000E+00  0.000E+00  0.000E+00  0.000E+00  0.000E+00  0.000E+00
 2001  237      0  0.187E+01  0.346E+00  0.509E+02  0.161E+02  0.153E-03  0.642E+00  0.000E+00  0.352E+00  0.123E-01  0.150E+01  0.000E+00  0.000E+00  0.000E+00  0.000E+00  0.000E+00  0.000E+00  0.000E+00  0.000E+00  0.000E+00
 2001  238      0  0.182E+02  0.320E-05  0.644E+01  0.203E+01  0.267E-02  0.768E-01  0.000E+00  0.495E-01  0.000E+00  0.681E+01  0.483E+02  0.000E+00  0.000E+00  0.000E+00  0.000E+00  0.000E+00  0.000E+00  0.000E+00  0.000E+00
 2001  239      0  0.101E+03  0.367E-10  0.371E+01  0.117E+01  0.883E-03  0.432E-01  0.000E+00  0.282E-01  0.000E+00  0.731E+01  0.958E+02  0.000E+00  0.000E+00  0.000E+00  0.000E+00  0.000E+00  0.000E+00  0.000E+00  0.000E+00
 2001  240      0  0.156E-01  0.353E-10  0.195E+05  0.617E+04  0.566E+01  0.279E+03  0.000E+00  0.171E+03  0.000E+00  0.000E+00  0.000E+00  0.000E+00  0.000E+00  0.000E+00  0.000E+00  0.000E+00  0.000E+00  0.000E+00  0.000E+00
 2001  241      0  0.154E-01  0.323E-14  0.163E+05  0.516E+04  0.473E+01  0.233E+03  0.000E+00  0.141E+03  0.000E+00  0.000E+00  0.000E+00  0.000E+00  0.000E+00  0.000E+00  0.000E+00  0.000E+00  0.000E+00  0.000E+00  0.000E+00
 2001  242      0  0.151E-01  0.000E+00  0.136E+05  0.431E+04  0.395E+01  0.203E+03  0.000E+00  0.121E+03  0.000E+00  0.000E+00  0.000E+00  0.000E+00  0.000E+00  0.000E+00  0.000E+00  0.000E+00  0.000E+00  0.000E+00  0.000E+00
 2001  243      0  0.149E-01  0.000E+00  0.114E+05  0.360E+04  0.330E+01  0.170E+03  0.000E+00  0.100E+03  0.000E+00  0.000E+00  0.000E+00  0.000E+00  0.000E+00  0.000E+00  0.000E+00  0.000E+00  0.000E+00  0.000E+00  0.000E+00
 2001  244      0  0.147E-01  0.000E+00  0.952E+04  0.301E+04  0.276E+01  0.138E+03  0.000E+00  0.810E+02  0.000E+00  0.000E+00  0.000E+00  0.000E+00  0.000E+00  0.000E+00  0.000E+00  0.000E+00  0.000E+00  0.000E+00  0.000E+00
 2001  245      0  0.145E-01  0.000E+00  0.796E+04  0.252E+04  0.231E+01  0.115E+03  0.000E+00  0.663E+02  0.000E+00  0.000E+00  0.000E+00  0.000E+00  0.000E+00  0.000E+00  0.000E+00  0.000E+00  0.000E+00  0.000E+00  0.000E+00
 2001  246      0  0.143E-01  0.000E+00  0.665E+04  0.210E+04  0.193E+01  0.973E+02  0.000E+00  0.551E+02  0.000E+00  0.000E+00  0.000E+00  0.000E+00  0.000E+00  0.000E+00  0.000E+00  0.000E+00  0.000E+00  0.000E+00  0.000E+00
 2001  247      0  0.105E+01  0.000E+00  0.566E+02  0.159E+02  0.208E-01  0.156E+02  0.157E-02  0.677E+01  0.000E+00  0.116E+02  0.312E+02  0.000E+00  0.000E+00  0.000E+00  0.000E+00  0.000E+00  0.000E+00  0.000E+00  0.000E+00
 2001  248      0  0.617E+02  0.000E+00  0.175E+02  0.552E+01  0.444E-02  0.204E+00  0.000E+00  0.134E+00  0.000E+00  0.426E+01  0.387E+03  0.000E+00  0.000E+00  0.000E+00  0.000E+00  0.000E+00  0.000E+00  0.000E+00  0.000E+00
 2001  249      0  0.145E-01  0.000E+00  0.113E+05  0.357E+04  0.433E+01  0.158E+03  0.000E+00  0.943E+02  0.000E+00  0.000E+00  0.000E+00  0.000E+00  0.000E+00  0.000E+00  0.000E+00  0.000E+00  0.000E+00  0.000E+00  0.000E+00
 2001  250      0  0.764E+00  0.000E+00  0.165E+03  0.521E+02  0.619E-03  0.214E+01  0.000E+00  0.116E+01  0.000E+00  0.000E+00  0.000E+00  0.000E+00  0.000E+00  0.000E+00  0.000E+00  0.000E+00  0.000E+00  0.000E+00  0.000E+00
 2001  251      0  0.142E-01  0.000E+00  0.794E+04  0.251E+04  0.320E+01  0.116E+03  0.000E+00  0.665E+02  0.000E+00  0.000E+00  0.000E+00  0.000E+00  0.000E+00  0.000E+00  0.000E+00  0.000E+00  0.000E+00  0.000E+00  0.000E+00
 2001  252      0  0.140E-01  0.000E+00  0.663E+04  0.210E+04  0.267E+01  0.103E+03  0.000E+00  0.573E+02  0.000E+00  0.000E+00  0.000E+00  0.000E+00  0.000E+00  0.000E+00  0.000E+00  0.000E+00  0.000E+00  0.000E+00  0.000E+00
 2001  253      0  0.879E+00  0.000E+00  0.161E+03  0.445E+02  0.223E+00  0.478E+02  0.166E+01  0.213E+02  0.000E+00  0.789E+01  0.000E+00  0.000E+00  0.000E+00  0.000E+00  0.000E+00  0.000E+00  0.000E+00  0.000E+00  0.000E+00
 2001  254      0  0.499E+03  0.919E+02  0.263E+01  0.737E+00  0.212E-01  0.414E+00  0.794E-01  0.256E+00  0.137E+01  0.947E+01  0.237E+02  0.000E+00  0.000E+00  0.000E+00  0.000E+00  0.000E+00  0.000E+00  0.000E+00  0.000E+00
 2001  255      0  0.155E+03  0.163E+01  0.442E+04  0.140E+04  0.130E+00  0.523E+02  0.000E+00  0.327E+02  0.206E+02  0.000E+00  0.117E+06  0.000E+00  0.000E+00  0.000E+00  0.000E+00  0.000E+00  0.000E+00  0.000E+00  0.000E+00
 2001  256      0  0.943E+01  0.299E-02  0.164E+03  0.519E+02  0.810E-02  0.193E+01  0.000E+00  0.120E+01  0.986E-04  0.000E+00  0.000E+00  0.000E+00  0.000E+00  0.000E+00  0.000E+00  0.000E+00  0.000E+00  0.000E+00  0.000E+00
 2001  257      0  0.174E-01  0.151E-03  0.728E+05  0.231E+05  0.363E+01  0.987E+03  0.000E+00  0.601E+03  0.000E+00  0.000E+00  0.000E+00  0.000E+00  0.000E+00  0.000E+00  0.000E+00  0.000E+00  0.000E+00  0.000E+00  0.000E+00
 2001  258      0  0.408E+01  0.588E-10  0.258E+03  0.813E+02  0.791E-03  0.319E+01  0.000E+00  0.192E+01  0.000E+00  0.000E+00  0.000E+00  0.000E+00  0.000E+00  0.000E+00  0.000E+00  0.000E+00  0.000E+00  0.000E+00  0.000E+00
 2001  259      0  0.171E-01  0.128E-11  0.506E+05  0.160E+05  0.296E+01  0.681E+03  0.000E+00  0.413E+03  0.000E+00  0.000E+00  0.000E+00  0.000E+00  0.000E+00  0.000E+00  0.000E+00  0.000E+00  0.000E+00  0.000E+00  0.000E+00
 2001  260      0  0.169E-01  0.822E-16  0.423E+05  0.134E+05  0.247E+01  0.578E+03  0.000E+00  0.349E+03  0.000E+00  0.000E+00  0.000E+00  0.000E+00  0.000E+00  0.000E+00  0.000E+00  0.000E+00  0.000E+00  0.000E+00  0.000E+00
 2001  261      0  0.213E+01  0.000E+00  0.271E+03  0.855E+02  0.103E-01  0.333E+01  0.000E+00  0.203E+01  0.000E+00  0.000E+00  0.000E+00  0.000E+00  0.000E+00  0.000E+00  0.000E+00  0.000E+00  0.000E+00  0.000E+00  0.000E+00
 2001  262      0  0.164E-01  0.000E+00  0.297E+05  0.941E+04  0.207E+01  0.413E+03  0.000E+00  0.247E+03  0.000E+00  0.000E+00  0.000E+00  0.000E+00  0.000E+00  0.000E+00  0.000E+00  0.000E+00  0.000E+00  0.000E+00  0.000E+00
 2001  263      0  0.188E+02  0.000E+00  0.235E+02  0.743E+01  0.136E-02  0.283E+00  0.000E+00  0.176E+00  0.000E+00  0.273E+01  0.202E+03  0.000E+00  0.000E+00  0.000E+00  0.000E+00  0.000E+00  0.000E+00  0.000E+00  0.000E+00
 2001  264      0  0.166E-01  0.000E+00  0.220E+05  0.696E+04  0.223E+01  0.292E+03  0.000E+00  0.175E+03  0.000E+00  0.000E+00  0.000E+00  0.000E+00  0.000E+00  0.000E+00  0.000E+00  0.000E+00  0.000E+00  0.000E+00  0.000E+00
 2001  265      0  0.164E-01  0.000E+00  0.183E+05  0.581E+04  0.187E+01  0.248E+03  0.000E+00  0.147E+03  0.000E+00  0.000E+00  0.000E+00  0.000E+00  0.000E+00  0.000E+00  0.000E+00  0.000E+00  0.000E+00  0.000E+00  0.000E+00
 2001  266      0  0.162E-01  0.000E+00  0.153E+05  0.486E+04  0.156E+01  0.209E+03  0.000E+00  0.123E+03  0.000E+00  0.000E+00  0.000E+00  0.000E+00  0.000E+00  0.000E+00  0.000E+00  0.000E+00  0.000E+00  0.000E+00  0.000E+00
 2001  267      0  0.159E-01  0.000E+00  0.128E+05  0.406E+04  0.130E+01  0.179E+03  0.000E+00  0.104E+03  0.000E+00  0.000E+00  0.000E+00  0.000E+00  0.000E+00  0.000E+00  0.000E+00  0.000E+00  0.000E+00  0.000E+00  0.000E+00
 2001  268      0  0.422E+01  0.000E+00  0.430E+02  0.126E+02  0.141E-01  0.693E+01  0.102E+00  0.339E+01  0.000E+00  0.895E+01  0.000E+00  0.000E+00  0.000E+00  0.000E+00  0.000E+00  0.000E+00  0.000E+00  0.000E+00  0.000E+00
 2001  269      0  0.859E+01  0.000E+00  0.240E+02  0.758E+01  0.310E-02  0.275E+00  0.000E+00  0.170E+00  0.000E+00  0.336E+01  0.000E+00  0.000E+00  0.000E+00  0.000E+00  0.000E+00  0.000E+00  0.000E+00  0.000E+00  0.000E+00
 2001  270      0  0.130E+02  0.000E+00  0.737E+01  0.211E+01  0.377E-01  0.285E+01  0.235E+00  0.852E+00  0.000E+00  0.966E+01  0.824E+01  0.000E+00  0.000E+00  0.000E+00  0.000E+00  0.000E+00  0.000E+00  0.000E+00  0.000E+00
 2001  271      0  0.556E+01  0.000E+00  0.175E+03  0.554E+02  0.658E-02  0.210E+01  0.000E+00  0.127E+01  0.000E+00  0.000E+00  0.000E+00  0.000E+00  0.000E+00  0.000E+00  0.000E+00  0.000E+00  0.000E+00  0.000E+00  0.000E+00
 2001  272      0  0.693E+01  0.183E+02  0.371E+02  0.102E+02  0.100E+01  0.287E+02  0.503E+01  0.729E+01  0.361E+00  0.816E+01  0.191E+02  0.000E+00  0.000E+00  0.000E+00  0.000E+00  0.000E+00  0.000E+00  0.000E+00  0.000E+00
 2001  273      0  0.862E+02  0.452E+02  0.149E+02  0.472E+01  0.111E-02  0.185E+00  0.000E+00  0.117E+00  0.763E+01  0.104E+02  0.360E+03  0.000E+00  0.000E+00  0.000E+00  0.000E+00  0.000E+00  0.000E+00  0.000E+00  0.000E+00
 2001  274      0  0.179E-01  0.607E+02  0.140E+05  0.445E+04  0.291E+01  0.186E+03  0.000E+00  0.112E+03  0.000E+00  0.000E+00  0.000E+00  0.000E+00  0.000E+00  0.000E+00  0.000E+00  0.000E+00  0.000E+00  0.000E+00  0.000E+00
 2001  275      0  0.346E+02  0.798E+01  0.820E+01  0.260E+01  0.814E-03  0.923E-01  0.000E+00  0.583E-01  0.471E+00  0.713E+01  0.129E+03  0.000E+00  0.000E+00  0.000E+00  0.000E+00  0.000E+00  0.000E+00  0.000E+00  0.000E+00
 2001  276      0  0.216E+01  0.460E+00  0.108E+03  0.343E+02  0.246E-01  0.122E+01  0.000E+00  0.755E+00  0.156E-01  0.000E+00  0.000E+00  0.000E+00  0.000E+00  0.000E+00  0.000E+00  0.000E+00  0.000E+00  0.000E+00  0.000E+00
 2001  277      0  0.155E+02  0.359E+01  0.316E+01  0.894E+00  0.913E-03  0.494E+01  0.148E+00  0.776E+00  0.580E-01  0.833E+01  0.225E+02  0.000E+00  0.000E+00  0.000E+00  0.000E+00  0.000E+00  0.000E+00  0.000E+00  0.000E+00
 2001  278      0  0.102E+03  0.360E+02  0.120E+01  0.335E+00  0.981E-02  0.207E+00  0.362E-01  0.127E+00  0.163E+00  0.976E+01  0.906E+01  0.000E+00  0.000E+00  0.000E+00  0.000E+00  0.000E+00  0.000E+00  0.000E+00  0.000E+00
 2001  279      0  0.104E+04  0.129E+03  0.449E+01  0.125E+01  0.422E-01  0.791E+00  0.144E+00  0.483E+00  0.313E+01  0.948E+01  0.394E+02  0.000E+00  0.000E+00  0.000E+00  0.000E+00  0.000E+00  0.000E+00  0.000E+00  0.000E+00
 2001  280      0  0.475E+03  0.146E+02  0.438E+02  0.139E+02  0.117E-02  0.500E+00  0.000E+00  0.314E+00  0.507E+01  0.304E+01  0.140E+04  0.000E+00  0.000E+00  0.000E+00  0.000E+00  0.000E+00  0.000E+00  0.000E+00  0.000E+00
 2001  281      0  0.121E+02  0.799E+01  0.227E+03  0.719E+02  0.434E-02  0.270E+01  0.000E+00  0.167E+01  0.263E+00  0.000E+00  0.000E+00  0.000E+00  0.000E+00  0.000E+00  0.000E+00  0.000E+00  0.000E+00  0.000E+00  0.000E+00
 2001  282      0  0.310E-01  0.370E+00  0.448E+05  0.142E+05  0.150E+01  0.541E+03  0.000E+00  0.335E+03  0.000E+00  0.000E+00  0.000E+00  0.000E+00  0.000E+00  0.000E+00  0.000E+00  0.000E+00  0.000E+00  0.000E+00  0.000E+00
 2001  283      0  0.305E-01  0.343E-04  0.346E+05  0.110E+05  0.116E+01  0.447E+03  0.000E+00  0.273E+03  0.000E+00  0.000E+00  0.000E+00  0.000E+00  0.000E+00  0.000E+00  0.000E+00  0.000E+00  0.000E+00  0.000E+00  0.000E+00
 2001  284      0  0.301E-01  0.317E-08  0.269E+05  0.856E+04  0.904E+00  0.344E+03  0.000E+00  0.210E+03  0.000E+00  0.000E+00  0.000E+00  0.000E+00  0.000E+00  0.000E+00  0.000E+00  0.000E+00  0.000E+00  0.000E+00  0.000E+00
 2001  285      0  0.297E-01  0.293E-12  0.211E+05  0.670E+04  0.708E+00  0.270E+03  0.000E+00  0.164E+03  0.000E+00  0.000E+00  0.000E+00  0.000E+00  0.000E+00  0.000E+00  0.000E+00  0.000E+00  0.000E+00  0.000E+00  0.000E+00
 2001  286      0  0.397E+01  0.479E-19  0.251E+03  0.795E+02  0.601E-02  0.292E+01  0.000E+00  0.181E+01  0.000E+00  0.000E+00  0.000E+00  0.000E+00  0.000E+00  0.000E+00  0.000E+00  0.000E+00  0.000E+00  0.000E+00  0.000E+00
 2001  287      0  0.307E+01  0.102E+02  0.628E+01  0.181E+01  0.494E-03  0.371E+01  0.179E-01  0.831E+00  0.217E+00  0.723E+01  0.414E+02  0.000E+00  0.000E+00  0.000E+00  0.000E+00  0.000E+00  0.000E+00  0.000E+00  0.000E+00
 2001  288      0  0.197E+03  0.301E+02  0.518E+01  0.150E+01  0.313E-01  0.625E+00  0.103E+00  0.392E+00  0.618E+00  0.927E+01  0.532E+02  0.000E+00  0.000E+00  0.000E+00  0.000E+00  0.000E+00  0.000E+00  0.000E+00  0.000E+00
 2001  289      0  0.211E+03  0.256E+02  0.719E+01  0.207E+01  0.464E-01  0.960E+00  0.160E+00  0.592E+00  0.807E+00  0.906E+01  0.794E+02  0.000E+00  0.000E+00  0.000E+00  0.000E+00  0.000E+00  0.000E+00  0.000E+00  0.000E+00
 2001  290      0  0.235E+02  0.276E+00  0.974E+04  0.310E+04  0.386E+00  0.122E+03  0.000E+00  0.774E+02  0.000E+00  0.583E+01  0.183E+03  0.000E+00  0.000E+00  0.000E+00  0.000E+00  0.000E+00  0.000E+00  0.000E+00  0.000E+00
 2001  291      0  0.435E-01  0.157E-01  0.780E+04  0.248E+04  0.351E+00  0.114E+03  0.000E+00  0.680E+02  0.000E+00  0.000E+00  0.000E+00  0.000E+00  0.000E+00  0.000E+00  0.000E+00  0.000E+00  0.000E+00  0.000E+00  0.000E+00
 2001  292      0  0.429E-01  0.145E-05  0.608E+04  0.194E+04  0.273E+00  0.852E+02  0.000E+00  0.507E+02  0.000E+00  0.000E+00  0.000E+00  0.000E+00  0.000E+00  0.000E+00  0.000E+00  0.000E+00  0.000E+00  0.000E+00  0.000E+00
 2001  293      0  0.423E-01  0.134E-09  0.476E+04  0.152E+04  0.214E+00  0.674E+02  0.000E+00  0.395E+02  0.000E+00  0.000E+00  0.000E+00  0.000E+00  0.000E+00  0.000E+00  0.000E+00  0.000E+00  0.000E+00  0.000E+00  0.000E+00
 2001  294      0  0.108E+01  0.481E-15  0.388E+03  0.123E+03  0.359E-03  0.478E+01  0.000E+00  0.283E+01  0.000E+00  0.000E+00  0.000E+00  0.000E+00  0.000E+00  0.000E+00  0.000E+00  0.000E+00  0.000E+00  0.000E+00  0.000E+00
 2001  295      0  0.411E-01  0.000E+00  0.297E+04  0.944E+03  0.143E+00  0.439E+02  0.000E+00  0.247E+02  0.000E+00  0.000E+00  0.000E+00  0.000E+00  0.000E+00  0.000E+00  0.000E+00  0.000E+00  0.000E+00  0.000E+00  0.000E+00
 2001  296      0  0.128E+03  0.888E+02  0.263E+01  0.778E+00  0.404E-02  0.290E+00  0.301E-01  0.164E+00  0.159E+01  0.971E+01  0.236E+02  0.000E+00  0.000E+00  0.000E+00  0.000E+00  0.000E+00  0.000E+00  0.000E+00  0.000E+00
 2001  297      0  0.138E+03  0.956E+01  0.103E+02  0.328E+01  0.219E-03  0.115E+00  0.000E+00  0.740E-01  0.995E+00  0.719E+01  0.209E+03  0.000E+00  0.000E+00  0.000E+00  0.000E+00  0.000E+00  0.000E+00  0.000E+00  0.000E+00
 2001  298      0  0.299E+03  0.108E+03  0.366E+01  0.113E+01  0.673E-02  0.181E+00  0.244E-01  0.114E+00  0.449E+01  0.894E+01  0.751E+02  0.000E+00  0.000E+00  0.000E+00  0.000E+00  0.000E+00  0.000E+00  0.000E+00  0.000E+00
 2001  299      0  0.578E+02  0.701E+01  0.164E+02  0.523E+01  0.754E-03  0.180E+00  0.000E+00  0.116E+00  0.370E+00  0.538E+01  0.259E+03  0.000E+00  0.000E+00  0.000E+00  0.000E+00  0.000E+00  0.000E+00  0.000E+00  0.000E+00
 2001  300      0  0.164E+00  0.286E+03  0.327E+04  0.105E+04  0.249E-01  0.389E+02  0.000E+00  0.244E+02  0.000E+00  0.000E+00  0.000E+00  0.000E+00  0.000E+00  0.000E+00  0.000E+00  0.000E+00  0.000E+00  0.000E+00  0.000E+00
 2001  301      0  0.493E-01  0.142E+00  0.351E+04  0.112E+04  0.167E+00  0.449E+02  0.000E+00  0.268E+02  0.000E+00  0.000E+00  0.000E+00  0.000E+00  0.000E+00  0.000E+00  0.000E+00  0.000E+00  0.000E+00  0.000E+00  0.000E+00
 2001  302      0  0.486E-01  0.132E-04  0.279E+04  0.891E+03  0.133E+00  0.384E+02  0.000E+00  0.223E+02  0.000E+00  0.000E+00  0.000E+00  0.000E+00  0.000E+00  0.000E+00  0.000E+00  0.000E+00  0.000E+00  0.000E+00  0.000E+00
 2001  303      0  0.479E-01  0.122E-08  0.223E+04  0.713E+03  0.106E+00  0.292E+02  0.000E+00  0.168E+02  0.000E+00  0.000E+00  0.000E+00  0.000E+00  0.000E+00  0.000E+00  0.000E+00  0.000E+00  0.000E+00  0.000E+00  0.000E+00
 2001  304      0  0.754E+00  0.705E-14  0.395E+03  0.126E+03  0.190E-01  0.496E+01  0.000E+00  0.305E+01  0.000E+00  0.707E+01  0.000E+00  0.000E+00  0.000E+00  0.000E+00  0.000E+00  0.000E+00  0.000E+00  0.000E+00  0.000E+00
 2001  305      0  0.140E+01  0.279E-19  0.189E+03  0.605E+02  0.919E-02  0.211E+01  0.000E+00  0.132E+01  0.000E+00  0.801E+01  0.000E+00  0.000E+00  0.000E+00  0.000E+00  0.000E+00  0.000E+00  0.000E+00  0.000E+00  0.000E+00
 2001  306      0  0.115E+02  0.000E+00  0.139E+02  0.411E+01  0.392E-01  0.164E+01  0.202E+00  0.975E+00  0.000E+00  0.946E+01  0.930E+01  0.000E+00  0.000E+00  0.000E+00  0.000E+00  0.000E+00  0.000E+00  0.000E+00  0.000E+00
 2001  307      0  0.134E+02  0.000E+00  0.169E+02  0.505E+01  0.822E-01  0.177E+01  0.273E+00  0.110E+01  0.000E+00  0.889E+01  0.111E+01  0.000E+00  0.000E+00  0.000E+00  0.000E+00  0.000E+00  0.000E+00  0.000E+00  0.000E+00
 2001  308      0  0.119E+02  0.000E+00  0.145E+02  0.428E+01  0.108E+00  0.174E+01  0.314E+00  0.111E+01  0.000E+00  0.875E+01  0.422E+01  0.000E+00  0.000E+00  0.000E+00  0.000E+00  0.000E+00  0.000E+00  0.000E+00  0.000E+00
 2001  309      0  0.415E+01  0.000E+00  0.135E+02  0.378E+01  0.556E+00  0.368E+01  0.919E+00  0.202E+01  0.000E+00  0.905E+01  0.000E+00  0.000E+00  0.000E+00  0.000E+00  0.000E+00  0.000E+00  0.000E+00  0.000E+00  0.000E+00
 2001  310      0  0.495E+02  0.137E+02  0.209E+01  0.610E+00  0.138E-01  0.276E+00  0.430E-01  0.169E+00  0.172E+00  0.936E+01  0.104E+02  0.000E+00  0.000E+00  0.000E+00  0.000E+00  0.000E+00  0.000E+00  0.000E+00  0.000E+00
 2001  311      0  0.359E+02  0.966E-01  0.279E+02  0.894E+01  0.194E-02  0.305E+00  0.000E+00  0.198E+00  0.552E-02  0.770E+01  0.571E+02  0.000E+00  0.000E+00  0.000E+00  0.000E+00  0.000E+00  0.000E+00  0.000E+00  0.000E+00
 2001  312      0  0.120E+02  0.686E+00  0.128E+02  0.338E+01  0.575E+00  0.471E+01  0.129E+01  0.257E+01  0.286E-01  0.952E+01  0.168E+01  0.000E+00  0.000E+00  0.000E+00  0.000E+00  0.000E+00  0.000E+00  0.000E+00  0.000E+00
 2001  313      0  0.721E+02  0.111E+02  0.954E+01  0.283E+01  0.493E-01  0.106E+01  0.172E+00  0.672E+00  0.570E+00  0.905E+01  0.510E+02  0.000E+00  0.000E+00  0.000E+00  0.000E+00  0.000E+00  0.000E+00  0.000E+00  0.000E+00
 2001  314      0  0.866E+01  0.380E-01  0.309E+02  0.991E+01  0.394E-02  0.425E+00  0.000E+00  0.258E+00  0.000E+00  0.770E+01  0.000E+00  0.000E+00  0.000E+00  0.000E+00  0.000E+00  0.000E+00  0.000E+00  0.000E+00  0.000E+00
 2001  315      0  0.545E+01  0.554E-05  0.240E+02  0.768E+01  0.310E-02  0.355E+00  0.000E+00  0.204E+00  0.000E+00  0.760E+01  0.000E+00  0.000E+00  0.000E+00  0.000E+00  0.000E+00  0.000E+00  0.000E+00  0.000E+00  0.000E+00
 2001  316      0  0.571E+01  0.482E-09  0.188E+02  0.601E+01  0.246E-02  0.276E+00  0.000E+00  0.157E+00  0.000E+00  0.769E+01  0.000E+00  0.000E+00  0.000E+00  0.000E+00  0.000E+00  0.000E+00  0.000E+00  0.000E+00  0.000E+00
 2001  317      0  0.611E+01  0.410E-13  0.148E+02  0.475E+01  0.198E-02  0.210E+00  0.000E+00  0.118E+00  0.000E+00  0.789E+01  0.000E+00  0.000E+00  0.000E+00  0.000E+00  0.000E+00  0.000E+00  0.000E+00  0.000E+00  0.000E+00
 2001  318      0  0.641E+01  0.348E-17  0.118E+02  0.377E+01  0.160E-02  0.162E+00  0.000E+00  0.901E-01  0.000E+00  0.807E+01  0.000E+00  0.000E+00  0.000E+00  0.000E+00  0.000E+00  0.000E+00  0.000E+00  0.000E+00  0.000E+00
 2001  319      0  0.467E+02  0.737E+02  0.897E+00  0.276E+00  0.527E-02  0.968E-01  0.156E-01  0.425E-01  0.171E+01  0.110E+02  0.173E+02  0.000E+00  0.000E+00  0.000E+00  0.000E+00  0.000E+00  0.000E+00  0.000E+00  0.000E+00
 2001  320      0  0.946E+03  0.123E+03  0.129E+02  0.414E+01  0.208E-03  0.128E+00  0.000E+00  0.807E-01  0.269E+02  0.135E+02  0.381E+03  0.000E+00  0.000E+00  0.000E+00  0.000E+00  0.000E+00  0.000E+00  0.000E+00  0.000E+00
 2001  321      0  0.694E+01  0.454E+01  0.152E+03  0.488E+02  0.268E-02  0.164E+01  0.000E+00  0.101E+01  0.000E+00  0.832E+01  0.000E+00  0.000E+00  0.000E+00  0.000E+00  0.000E+00  0.000E+00  0.000E+00  0.000E+00  0.000E+00
 2001  322      0  0.108E+03  0.990E+02  0.104E+02  0.334E+01  0.228E-03  0.109E+00  0.000E+00  0.681E-01  0.486E+01  0.107E+02  0.220E+03  0.000E+00  0.000E+00  0.000E+00  0.000E+00  0.000E+00  0.000E+00  0.000E+00  0.000E+00
 2001  323      0  0.777E+01  0.482E+02  0.106E+03  0.342E+02  0.253E-02  0.118E+01  0.000E+00  0.726E+00  0.000E+00  0.826E+01  0.000E+00  0.000E+00  0.000E+00  0.000E+00  0.000E+00  0.000E+00  0.000E+00  0.000E+00  0.000E+00
 2001  324      0  0.762E+01  0.627E-02  0.883E+02  0.284E+02  0.215E-02  0.961E+00  0.000E+00  0.593E+00  0.000E+00  0.834E+01  0.000E+00  0.000E+00  0.000E+00  0.000E+00  0.000E+00  0.000E+00  0.000E+00  0.000E+00  0.000E+00
 2001  325      0  0.456E+02  0.590E+02  0.189E+02  0.538E+01  0.304E+00  0.331E+01  0.768E+00  0.216E+01  0.786E+00  0.858E+01  0.181E+02  0.000E+00  0.000E+00  0.000E+00  0.000E+00  0.000E+00  0.000E+00  0.000E+00  0.000E+00
 2001  326      0  0.317E+03  0.750E+02  0.326E+01  0.952E+00  0.154E-01  0.426E+00  0.604E-01  0.258E+00  0.178E+01  0.938E+01  0.318E+02  0.000E+00  0.000E+00  0.000E+00  0.000E+00  0.000E+00  0.000E+00  0.000E+00  0.000E+00
 2001  327      0  0.106E+03  0.261E+01  0.794E+02  0.256E+02  0.207E-02  0.897E+00  0.000E+00  0.569E+00  0.631E-01  0.821E+01  0.995E+01  0.000E+00  0.000E+00  0.000E+00  0.000E+00  0.000E+00  0.000E+00  0.000E+00  0.000E+00
 2001  328      0  0.843E+01  0.393E-02  0.684E+02  0.220E+02  0.197E-02  0.866E+00  0.000E+00  0.531E+00  0.000E+00  0.787E+01  0.000E+00  0.000E+00  0.000E+00  0.000E+00  0.000E+00  0.000E+00  0.000E+00  0.000E+00  0.000E+00
 2001  329      0  0.860E+01  0.352E-06  0.553E+02  0.178E+02  0.162E-02  0.728E+00  0.000E+00  0.442E+00  0.000E+00  0.776E+01  0.000E+00  0.000E+00  0.000E+00  0.000E+00  0.000E+00  0.000E+00  0.000E+00  0.000E+00  0.000E+00
 2001  330      0  0.884E+01  0.312E-10  0.448E+02  0.144E+02  0.134E-02  0.570E+00  0.000E+00  0.347E+00  0.000E+00  0.789E+01  0.000E+00  0.000E+00  0.000E+00  0.000E+00  0.000E+00  0.000E+00  0.000E+00  0.000E+00  0.000E+00
 2001  331      0  0.882E+01  0.285E-14  0.364E+02  0.117E+02  0.112E-02  0.466E+00  0.000E+00  0.281E+00  0.000E+00  0.790E+01  0.000E+00  0.000E+00  0.000E+00  0.000E+00  0.000E+00  0.000E+00  0.000E+00  0.000E+00  0.000E+00
 2001  332      0  0.893E+01  0.192E-18  0.297E+02  0.956E+01  0.943E-03  0.383E+00  0.000E+00  0.229E+00  0.000E+00  0.791E+01  0.000E+00  0.000E+00  0.000E+00  0.000E+00  0.000E+00  0.000E+00  0.000E+00  0.000E+00  0.000E+00
 2001  333      0  0.919E+01  0.000E+00  0.242E+02  0.781E+01  0.798E-03  0.315E+00  0.000E+00  0.187E+00  0.000E+00  0.792E+01  0.000E+00  0.000E+00  0.000E+00  0.000E+00  0.000E+00  0.000E+00  0.000E+00  0.000E+00  0.000E+00
 2001  334      0  0.924E+01  0.000E+00  0.199E+02  0.640E+01  0.680E-03  0.257E+00  0.000E+00  0.151E+00  0.000E+00  0.798E+01  0.000E+00  0.000E+00  0.000E+00  0.000E+00  0.000E+00  0.000E+00  0.000E+00  0.000E+00  0.000E+00
 2001  335      0  0.467E+02  0.681E+02  0.538E+00  0.168E+00  0.109E-03  0.285E-01  0.137E-02  0.160E-01  0.658E+00  0.908E+01  0.681E+01  0.000E+00  0.000E+00  0.000E+00  0.000E+00  0.000E+00  0.000E+00  0.000E+00  0.000E+00
 2001  336      0  0.110E+03  0.333E+02  0.188E+02  0.607E+01  0.785E-03  0.203E+00  0.000E+00  0.131E+00  0.000E+00  0.818E+01  0.269E+02  0.000E+00  0.000E+00  0.000E+00  0.000E+00  0.000E+00  0.000E+00  0.000E+00  0.000E+00
 2001  337      0  0.930E+01  0.737E-01  0.202E+02  0.651E+01  0.101E-02  0.246E+00  0.000E+00  0.148E+00  0.000E+00  0.816E+01  0.000E+00  0.000E+00  0.000E+00  0.000E+00  0.000E+00  0.000E+00  0.000E+00  0.000E+00  0.000E+00
 2001  338      0  0.941E+01  0.666E-05  0.166E+02  0.536E+01  0.854E-03  0.215E+00  0.000E+00  0.127E+00  0.000E+00  0.802E+01  0.000E+00  0.000E+00  0.000E+00  0.000E+00  0.000E+00  0.000E+00  0.000E+00  0.000E+00  0.000E+00
 2001  339      0  0.940E+01  0.608E-09  0.137E+02  0.443E+01  0.727E-03  0.172E+00  0.000E+00  0.101E+00  0.000E+00  0.818E+01  0.000E+00  0.000E+00  0.000E+00  0.000E+00  0.000E+00  0.000E+00  0.000E+00  0.000E+00  0.000E+00
 2001  340      0  0.942E+01  0.553E-13  0.113E+02  0.366E+01  0.622E-03  0.146E+00  0.000E+00  0.836E-01  0.000E+00  0.818E+01  0.000E+00  0.000E+00  0.000E+00  0.000E+00  0.000E+00  0.000E+00  0.000E+00  0.000E+00  0.000E+00
 2001  341      0  0.930E+01  0.503E-17  0.938E+01  0.303E+01  0.535E-03  0.123E+00  0.000E+00  0.693E-01  0.000E+00  0.819E+01  0.000E+00  0.000E+00  0.000E+00  0.000E+00  0.000E+00  0.000E+00  0.000E+00  0.000E+00  0.000E+00
 2001  342      0  0.917E+01  0.000E+00  0.777E+01  0.251E+01  0.463E-03  0.104E+00  0.000E+00  0.573E-01  0.000E+00  0.822E+01  0.000E+00  0.000E+00  0.000E+00  0.000E+00  0.000E+00  0.000E+00  0.000E+00  0.000E+00  0.000E+00
 2001  343      0  0.920E+01  0.000E+00  0.645E+01  0.208E+01  0.403E-03  0.894E-01  0.000E+00  0.476E-01  0.000E+00  0.824E+01  0.000E+00  0.000E+00  0.000E+00  0.000E+00  0.000E+00  0.000E+00  0.000E+00  0.000E+00  0.000E+00
 2001  344      0  0.897E+01  0.000E+00  0.535E+01  0.173E+01  0.353E-03  0.748E-01  0.000E+00  0.388E-01  0.000E+00  0.834E+01  0.000E+00  0.000E+00  0.000E+00  0.000E+00  0.000E+00  0.000E+00  0.000E+00  0.000E+00  0.000E+00
 2001  345      0  0.910E+01  0.000E+00  0.445E+01  0.144E+01  0.311E-03  0.644E-01  0.000E+00  0.322E-01  0.000E+00  0.839E+01  0.000E+00  0.000E+00  0.000E+00  0.000E+00  0.000E+00  0.000E+00  0.000E+00  0.000E+00  0.000E+00
 2001  346      0  0.897E+01  0.000E+00  0.370E+01  0.119E+01  0.275E-03  0.554E-01  0.000E+00  0.266E-01  0.000E+00  0.846E+01  0.000E+00  0.000E+00  0.000E+00  0.000E+00  0.000E+00  0.000E+00  0.000E+00  0.000E+00  0.000E+00
 2001  347      0  0.889E+01  0.000E+00  0.308E+01  0.995E+00  0.246E-03  0.487E-01  0.000E+00  0.223E-01  0.000E+00  0.849E+01  0.000E+00  0.000E+00  0.000E+00  0.000E+00  0.000E+00  0.000E+00  0.000E+00  0.000E+00  0.000E+00
 2001  348      0  0.873E+01  0.000E+00  0.257E+01  0.829E+00  0.220E-03  0.435E-01  0.000E+00  0.189E-01  0.000E+00  0.849E+01  0.000E+00  0.000E+00  0.000E+00  0.000E+00  0.000E+00  0.000E+00  0.000E+00  0.000E+00  0.000E+00
 2001  349      0  0.868E+01  0.000E+00  0.214E+01  0.691E+00  0.199E-03  0.397E-01  0.000E+00  0.161E-01  0.000E+00  0.846E+01  0.000E+00  0.000E+00  0.000E+00  0.000E+00  0.000E+00  0.000E+00  0.000E+00  0.000E+00  0.000E+00
 2001  350      0  0.847E+01  0.000E+00  0.178E+01  0.576E+00  0.181E-03  0.351E-01  0.000E+00  0.134E-01  0.000E+00  0.856E+01  0.000E+00  0.000E+00  0.000E+00  0.000E+00  0.000E+00  0.000E+00  0.000E+00  0.000E+00  0.000E+00
 2001  351      0  0.279E+01  0.000E+00  0.102E+01  0.302E+00  0.580E-01  0.610E+00  0.129E+00  0.145E+00  0.000E+00  0.923E+01  0.161E-02  0.000E+00  0.000E+00  0.000E+00  0.000E+00  0.000E+00  0.000E+00  0.000E+00  0.000E+00
 2001  352      0  0.172E+03  0.802E+02  0.841E+00  0.249E+00  0.278E-02  0.102E+00  0.130E-01  0.614E-01  0.141E+01  0.918E+01  0.804E+01  0.000E+00  0.000E+00  0.000E+00  0.000E+00  0.000E+00  0.000E+00  0.000E+00  0.000E+00
 2001  353      0  0.396E+02  0.188E+01  0.187E+02  0.605E+01  0.738E-03  0.206E+00  0.000E+00  0.130E+00  0.000E+00  0.835E+01  0.316E-02  0.000E+00  0.000E+00  0.000E+00  0.000E+00  0.000E+00  0.000E+00  0.000E+00  0.000E+00
 2001  354      0  0.790E+01  0.295E-03  0.105E+02  0.292E+01  0.405E+00  0.308E+01  0.816E+00  0.168E+01  0.232E-06  0.881E+01  0.185E+01  0.000E+00  0.000E+00  0.000E+00  0.000E+00  0.000E+00  0.000E+00  0.000E+00  0.000E+00
 2001  355      0  0.131E+03  0.573E+02  0.530E+00  0.162E+00  0.545E-03  0.438E-01  0.394E-02  0.256E-01  0.558E+00  0.959E+01  0.680E+01  0.000E+00  0.000E+00  0.000E+00  0.000E+00  0.000E+00  0.000E+00  0.000E+00  0.000E+00
 2001  356      0  0.226E+03  0.318E+02  0.108E+01  0.300E+00  0.164E-01  0.215E+00  0.432E-01  0.137E+00  0.422E+00  0.948E+01  0.819E+01  0.000E+00  0.000E+00  0.000E+00  0.000E+00  0.000E+00  0.000E+00  0.000E+00  0.000E+00
 2001  357      0  0.275E+03  0.531E+02  0.277E+01  0.784E+00  0.561E-01  0.513E+00  0.105E+00  0.334E+00  0.126E+01  0.948E+01  0.219E+02  0.000E+00  0.000E+00  0.000E+00  0.000E+00  0.000E+00  0.000E+00  0.000E+00  0.000E+00
 2001  358      0  0.175E+03  0.465E+00  0.589E+01  0.170E+01  0.165E+00  0.100E+01  0.235E+00  0.677E+00  0.208E+00  0.930E+01  0.252E+02  0.000E+00  0.000E+00  0.000E+00  0.000E+00  0.000E+00  0.000E+00  0.000E+00  0.000E+00
 2001  359      0  0.291E+02  0.374E-03  0.411E+02  0.133E+02  0.114E-02  0.432E+00  0.000E+00  0.277E+00  0.000E+00  0.848E+01  0.000E+00  0.000E+00  0.000E+00  0.000E+00  0.000E+00  0.000E+00  0.000E+00  0.000E+00  0.000E+00
 2001  360      0  0.103E+02  0.969E-07  0.328E+02  0.106E+02  0.951E-03  0.380E+00  0.000E+00  0.235E+00  0.000E+00  0.822E+01  0.000E+00  0.000E+00  0.000E+00  0.000E+00  0.000E+00  0.000E+00  0.000E+00  0.000E+00  0.000E+00
 2001  361      0  0.107E+02  0.846E-11  0.263E+02  0.854E+01  0.803E-03  0.295E+00  0.000E+00  0.182E+00  0.000E+00  0.837E+01  0.000E+00  0.000E+00  0.000E+00  0.000E+00  0.000E+00  0.000E+00  0.000E+00  0.000E+00  0.000E+00
 2001  362      0  0.108E+02  0.768E-15  0.212E+02  0.687E+01  0.686E-03  0.245E+00  0.000E+00  0.149E+00  0.000E+00  0.830E+01  0.000E+00  0.000E+00  0.000E+00  0.000E+00  0.000E+00  0.000E+00  0.000E+00  0.000E+00  0.000E+00
 2001  363      0  0.112E+02  0.161E-19  0.171E+02  0.555E+01  0.592E-03  0.204E+00  0.000E+00  0.123E+00  0.000E+00  0.824E+01  0.000E+00  0.000E+00  0.000E+00  0.000E+00  0.000E+00  0.000E+00  0.000E+00  0.000E+00  0.000E+00
 2001  364      0  0.113E+02  0.000E+00  0.139E+02  0.451E+01  0.517E-03  0.157E+00  0.000E+00  0.941E-01  0.000E+00  0.848E+01  0.000E+00  0.000E+00  0.000E+00  0.000E+00  0.000E+00  0.000E+00  0.000E+00  0.000E+00  0.000E+00
 2001  365      0  0.111E+02  0.000E+00  0.113E+02  0.366E+01  0.456E-03  0.128E+00  0.000E+00  0.759E-01  0.000E+00  0.852E+01  0.000E+00  0.000E+00  0.000E+00  0.000E+00  0.000E+00  0.000E+00  0.000E+00  0.000E+00  0.000E+00
